#!Run[i,0]/    set_current[f,1]/   avg_current_bcm4a[f,2]/     sclY4a[f,3]/     sclY_err4a[f,4]/    ntrkY4a[f,5]/    ntrkY_err4a[f,6]/    trkY4a[f,7]/    trkY_err4a[f,8]/    cpuLT_bcm4a[f,9]/     tLT_bcm4a[f,10]/    Qtot_bcm4a[f,11]/    hs1x_rate_bcm4a[f,12]/    htrig1_rate_bcm4a[f,13]/     htrig2_rate_bcm4a[f,14]/     htrig3_rate_bcm4a[f,15]/    hedtm_rate_bcm4a[f,16]/   h_eTrkEff_bcm4a[f,17]/      avg_current_bcm4b[f,18]/     sclY4b[f,19]/     sclY_err4b[f,20]/    ntrkY4b[f,21]/    ntrkY_err4b[f,22]/    trkY4b[f,23]/    trkY_err4b[f,24]/    cpuLT_bcm4b[f,25]/     tLT_bcm4b[f,26]/    Qtot_bcm4b[f,27]/     hs1x_rate_bcm4b[f,28]/      htrig1_rate_bcm4b[f,29]/     htrig2_rate_bcm4b[f,30]/     htrig3_rate_bcm4b[f,31]/    hedtm_rate_bcm4b[f,32]/   h_eTrkEff_bcm4b[f,33]/
2073     80.000000     76.575599      7236.124386     18.222874     3535.602721     13.169465     2830.214969     11.823186     0.930488     0.930070     21.908689     118619.260117    1614.317892    557.109453     335.841315     2.998895    0.993169    78.387007    7068.908235     17.801770     3453.900192     12.865138     2764.812888     11.549970     0.930488     0.930070     22.426943    118619.260117    1614.317892     557.109453     335.841315    2.998895    0.993169
2074     70.000000     68.813056      7123.392637     15.377443     3479.293857     11.060715     2781.125957     9.923357     0.938329     0.930408     30.308873     105709.013394    1402.228849    493.183876     296.906120     3.001460    0.993067    68.628128    7142.587563     15.418879     3488.669200     11.090520     2788.620049     9.950097     0.938329     0.930408     30.227421    105709.013394    1402.228849     493.183876     296.906120    3.001460    0.993067
2087     55.000000     54.893871      7139.449028     20.342522     3520.437978     14.608884     2817.767991     13.114554     0.948847     0.953684     17.384675     83818.306674    1086.499006    394.911713     238.885163     2.999721    0.993197    54.807978    7150.637633     20.374402     3525.955082     14.631779     2822.183867     13.135106     0.948847     0.953684     17.357473    83818.306674    1086.499006     394.911713     238.885163    2.999721    0.993197
2088     45.000000     44.918842      7163.629763     19.952451     3551.903255     14.280112     2841.053247     12.816796     0.959026     0.957096     18.162161     69676.280485    871.457855    324.779484     196.335788     2.997531    0.992939    44.870856    7171.290697     19.973789     3555.701751     14.295383     2844.091505     12.830503     0.959026     0.957096     18.142759    69676.280485    871.457855     324.779484     196.335788    2.997531    0.992939
2089     35.000000     35.047344      7176.507399     19.791356     3585.184890     14.143649     2867.370765     12.692950     0.966675     0.972257     18.539938     54714.134813    669.024661    254.515649     154.777832     2.998127    0.993048    35.040767    7177.854338     19.795071     3585.857753     14.146304     2867.908905     12.695332     0.966675     0.972257     18.536459    54714.134813    669.024661     254.515649     154.777832    2.998127    0.993048
2090     20.000000     20.005491      7186.060515     21.835264     3599.263065     15.448477     2886.303815     13.881274     0.980184     0.982213     15.386316     31664.126798    372.232832    146.757663     89.706908     2.996991    0.993210    19.980355    7195.101073     21.862735     3603.791247     15.467912     2889.934978     13.898738     0.980184     0.982213     15.366984    31664.126798    372.232832     146.757663     89.706908    2.996991    0.993210
2091     10.000000     10.204768      7256.172627     23.333490     3667.207014     16.352568     2932.399873     14.671723     0.988959     0.989936     13.867090     16477.566633    189.077295    77.045609     47.787764     2.998050    0.993339    10.187847    7268.224213     23.372244     3673.297777     16.379728     2937.270226     14.696091     0.988959     0.989936     13.844097    16477.566633    189.077295     77.045609     47.787764    2.998050    0.993339
2075     80.000000     76.575524      4042.374523     10.025914     2197.896005     7.509885     1758.312108     6.739896     0.959760     0.967945     40.604847     90559.021212    811.790358    312.547369     204.971601     3.000422    0.993228    78.476000    3942.691318     9.762417     2143.717575     7.312440     1714.702427     6.562183     0.959785     0.968065     41.770452    90546.734758    811.557429     312.407000     204.880826    3.000355    0.993215
2076     70.000000     68.837235      3938.717261     8.467120     2143.419141     6.326460     1715.195419     5.678677     0.964102     0.970673     55.547272     80782.891711    700.873057    274.130641     179.910084     3.000236    0.993193    68.675999    3947.964470     8.486999     2148.451362     6.341313     1719.222330     5.692009     0.964102     0.970673     55.417165    80782.891711    700.873057     274.130641     179.910084    3.000236    0.993193
2078     10.000000     9.913067      4048.687064     16.070977     2252.829072     11.602044     1799.507266     10.403340     0.993417     0.992937     16.847190     12093.031126    95.910353    43.134034     29.185170     2.999129    0.993456    9.902329    4053.077102     16.088403     2255.271831     11.614625     1801.458491     10.414621     0.993417     0.992937     16.828942    12093.031126    95.910353     43.134034     29.185170    2.999129    0.993456
2080     10.000000     9.937760      4035.229152     14.209574     2228.207359     10.217265     1777.272011     9.157425     0.993678     0.995220     21.480317     12148.040004    95.680524    43.101390     29.043924     3.000252    0.992935    9.929465    4038.599857     14.221443     2230.068569     10.225800     1778.756607     9.165075     0.993678     0.995220     21.462389    12148.040004    95.680524     43.101390     29.043924    3.000252    0.992935
2081     20.000000     19.922425      4016.684956     13.160767     2231.052580     9.684315     1783.511661     8.687765     0.988742     0.989235     24.059641     23978.225177    190.283528    83.022108     55.345588     3.000001    0.993317    19.908915    4019.410749     13.169698     2232.566648     9.690887     1784.722003     8.693661     0.988742     0.989235     24.043325    23978.225177    190.283528     83.022108     55.345588    3.000001    0.993317
2082     35.000000     34.831072      3975.017649     23.167478     2185.882381     17.163322     1750.218303     15.396094     0.980683     0.984663     7.566507     41645.230529    336.341746    141.455492     93.392203     3.001366    0.995055    34.812827    3977.100873     23.179620     2187.027944     17.172317     1751.135549     15.404163     0.980683     0.984663     7.562544    41645.230529    336.341746     141.455492     93.392203    3.001366    0.995055
2083     35.000000     34.912402      3970.625873     12.763770     2193.894503     9.478922     1760.341991     8.519291     0.980621     0.983170     24.899853     41906.328519    337.269816    141.623205     93.731239     2.999119    0.993327    34.895723    3972.523645     12.769870     2194.943044     9.483453     1761.183358     8.523363     0.980621     0.983170     24.887958    41906.328519    337.269816     141.623205     93.731239    2.999119    0.993327
2084     45.000000     44.905139      3970.702540     12.713191     2188.548732     9.477434     1737.317918     8.476941     0.975371     0.976633     24.980718     53547.242805    441.208176    181.305131     119.735807     3.000181    0.992262    44.842261    3976.270323     12.731017     2191.617552     9.490724     1739.754000     8.488827     0.975371     0.976633     24.945739    53547.242805    441.208176     181.305131     119.735807    3.000181    0.992262
2085     55.000000     54.856892      3978.948305     11.980717     2177.300030     8.931541     1739.267609     8.010381     0.971256     0.963565     28.101647     65002.597527    549.551861    221.273098     145.344677     3.000360    0.993103    54.769565    3986.948854     12.025928     2181.421301     8.964753     1742.610018     8.040285     0.971253     0.964076     27.946684    65016.029945    549.759617     221.363888     145.379004    3.000435    0.993104
2093           60.000000           59.875315      	       2276.004592     	9.468890     	    1059.710387      6.452060     	  858.106115      5.824801     	      0.981169     	    0.981567     	25.944587     	     28430.144911    	       332.293091    		    139.281268     		 80.727379     		     3.004775    	       0.993547    		   59.781166    		2279.589050       9.483802     	       1061.379307     	 6.462221     	       859.457541     	5.833975     	     0.981169     	    0.981567     	25.903792    	      28430.144911    		  332.293091     	       139.281268     		    80.727379    		3.004775    		  0.993547
2094           50.000000           49.928071      	       2285.079487     	8.423090     	    1066.749256      5.724136     	  860.492763      5.159223     	      0.984934     	    0.986412     	33.054868     	     23637.634197    	       276.927826    		    117.090897     		 68.156509     		     3.001285    	       0.992970    		   49.897993    		2286.456947       8.428168     	       1067.392302     	 5.727587     	       861.011467     	5.162333     	     0.984934     	    0.986412     	33.034954    	      23637.634197    		  276.927826     	       117.090897    		    68.156509    		3.001285    		  0.992970
2095           35.000000           34.957705      	       2281.159025     	6.407283     	    1068.122219      4.328889     	  863.480792      3.904755     	      0.988595     	    0.989493     	57.656655     	     16792.825243    	       193.742765    		    82.744704      		 48.712623     		     3.000619    	       0.993567    		   34.958195    		2281.127083       6.407194     	       1068.107275     	 4.328829     	       863.468697     	3.904700     	     0.988595     	    0.989493     	57.657463    	      16792.825243    		  193.742765     	       82.744704     		    48.712623    		3.000619    		  0.993567
