2073	57248	22.4269	0.922075	2768.37
2074	78459	30.2274	0.930683	2788.95
2087	46095	17.3575	0.940919	2822.38
2088	49093	18.1428	0.951111	2845.02
2089	50967	18.5365	0.958038	2869.98
2090	43206	15.367	0.971664	2893.6
2091	39911	13.8441	0.980221	2941.06
2075	68194	41.7705	0.951751	1715.35
2076	91151	55.4172	0.956413	1719.77
2078	29889	16.8289	0.985655	1801.9
2080	37591	21.4624	0.985387	1777.46
2081	42101	24.0433	0.980821	1785.29
2082	12893	7.56254	0.973642	1751
2083	42628	24.888	0.972394	1761.42
2084	41933	24.9457	0.966621	1739.01
2085	46907	27.9467	0.962711	1743.46
2073	59675	22.4269	0	inf
2074	0	30.2274	-nan	-nan
2087	0	17.3575	-nan	-nan
2088	0	18.1428	-nan	-nan
2089	0	18.5365	-nan	-nan
2090	0	15.367	-nan	-nan
2091	0	13.8441	-nan	-nan
2073	59361	22.4269	0.928739	2849.95
2074	81168	30.2274	0.936467	2867.42
2087	47353	17.3575	0.946992	2880.81
2088	50260	18.1428	0.957134	2894.32
2089	51881	18.5365	0.964718	2901.22
2090	43788	15.367	0.978447	2912.25
2091	40255	13.8441	0.987085	2945.78
2075	69915	41.7705	0.957859	1747.43
2076	93338	55.4172	0.962335	1750.2
2078	30048	16.8289	0.99167	1800.49
2080	37842	21.4624	0.991761	1777.82
2081	42403	24.0433	0.986817	1787.17
2082	13052	7.56254	0.979098	1762.72
2083	43128	24.888	0.978969	1770.11
2084	42617	24.9457	0.973218	1755.4
2085	47819	27.9467	0.969328	1765.22
2073	59361	22.4269	0.928739	2849.95	59361
2074	81168	30.2274	0.936467	2867.42	140529
2087	47353	17.3575	0.946992	2880.81	187882
2088	50260	18.1428	0.957134	2894.32	238142
2089	51881	18.5365	0.964718	2901.22	290023
2090	43788	15.367	0.978447	2912.25	333811
2091	40255	13.8441	0.987085	2945.78	374066
2073	59361	22.4269	0.928739	2849.95	59361
2074	81168	30.2274	0.936467	2867.42	81168
2087	47353	17.3575	0.946992	2880.81	47353
2088	50260	18.1428	0.957134	2894.32	50260
2089	51881	18.5365	0.964718	2901.22	51881
2090	43788	15.367	0.978447	2912.25	43788
2091	40255	13.8441	0.987085	2945.78	40255
2087	47353	17.3575	0.946992	2880.81	47353
2087	47352	17.3575	0.946984	2880.78	47352
2087	0	17.3575	-nan	-nan	0
2087	47353	17.3575	0.946992	2880.81	47353
2087	0	17.3575	-nan	-nan	0
2087	47352	17.3575	0.946984	2880.78	47352
2087	47352	17.3575	0.946984	2880.78	47352
2087	47352	17.3575	0.946984	2880.78	47352
2087	47352	17.3575	0.946984	2880.78	47352
2073	59361	22.4269	0.928746	2849.93	59361
2074	81168	30.2274	0.936467	2867.42	81168
2087	47352	17.3575	0.946984	2880.78	47352
2088	50260	18.1428	0.957126	2894.34	50260
2089	51880	18.5365	0.964718	2901.17	51880
2090	43790	15.367	0.978447	2912.39	43790
2091	40252	13.8441	0.987075	2945.59	40252
2075	69916	41.7705	0.957865	1747.44	69916
2076	93338	55.4172	0.96233	1750.21	93338
2078	30047	16.8289	0.99164	1800.49	30047
2080	37842	21.4624	0.99175	1777.84	37842
2081	42415	24.0433	0.986817	1787.67	42415
2082	13052	7.56254	0.979131	1762.66	13052
2083	43127	24.888	0.978969	1770.07	43127
2084	42616	24.9457	0.973218	1755.36	42616
2085	47820	27.9467	0.969346	1765.23	47820
2073	59361	22.4269	0.928746	2849.93	59361
2074	81168	30.2274	0.936467	2867.42	81168
2087	47352	17.3575	0.946984	2880.78	47352
2088	50260	18.1428	0.957126	2894.34	50260
2089	51880	18.5365	0.964718	2901.17	51880
2090	43790	15.367	0.978447	2912.39	43790
2091	40252	13.8441	0.987075	2945.59	40252
2093	22014	25.9038	0.979913	867.258	22014
2094	28237	33.035	0.982925	869.61	28237
2095	49544	57.6575	0.986583	870.968	49544
2096	14512	27.4278	0.989319	534.81	14512
2075	69916	41.7705	0.957865	1747.44	69916
2076	93338	55.4172	0.96233	1750.21	93338
2078	30047	16.8289	0.99164	1800.49	30047
2080	37842	21.4624	0.99175	1777.84	37842
2081	42415	24.0433	0.986817	1787.67	42415
2082	13052	7.56254	0.979131	1762.66	13052
2083	43127	24.888	0.978969	1770.07	43127
2084	42616	24.9457	0.973218	1755.36	42616
2085	47820	27.9467	0.969346	1765.23	47820
2073	59361	22.4269	0.928746	2849.93	59361
2074	81168	30.2274	0.936467	2867.42	81168
2087	47352	17.3575	0.946984	2880.78	47352
2088	50260	18.1428	0.957126	2894.34	50260
2089	51880	18.5365	0.964718	2901.17	51880
2090	43790	15.367	0.978447	2912.39	43790
2091	40252	13.8441	0.987075	2945.59	40252
2093	22014	25.9038	0.979913	867.258	22014
2094	28237	33.035	0.982925	869.61	28237
2095	49544	57.6575	0.986583	870.968	49544
2096	14512	27.4278	0.989319	534.81	14512
2075	67534	41.7705	0.958303	1687.14	67534
2076	90409	55.4172	0.962645	1694.73	90409
2078	29844	16.8289	0.991924	1787.81	29844
2080	37566	21.4624	0.992228	1764.03	37566
2081	41926	24.0433	0.987218	1766.35	41926
2082	12814	7.56254	0.97941	1730.03	12814
2083	42379	24.888	0.979366	1738.67	42379
2084	41719	24.9457	0.973789	1717.4	41719
2085	46629	27.9467	0.96996	1720.17	46629
2073	56661	22.4269	0.929113	2719.23	56661
2074	77876	30.2274	0.936948	2749.71	77876
2087	45848	17.3575	0.947444	2787.92	45848
2088	48911	18.1428	0.957536	2815.45	48911
2089	50729	18.5365	0.965069	2835.77	50729
2090	43165	15.367	0.97881	2869.75	43165
2091	39923	13.8441	0.987497	2920.27	39923
2075	67534	41.7705	0.958303	1687.14	67534
2076	90409	55.4172	0.962645	1694.73	90409
2078	29844	16.8289	0.991924	1787.81	29844
2080	37566	21.4624	0.992228	1764.03	37566
2081	41926	24.0433	0.987218	1766.35	41926
2082	12814	7.56254	0.97941	1730.03	12814
2083	42379	24.888	0.979366	1738.67	42379
2084	41719	24.9457	0.973789	1717.4	41719
2085	46629	27.9467	0.96996	1720.17	46629
2093	21709	25.9038	0.980465	854.76	21709
2094	27885	33.035	0.983311	858.432	27885
2095	49105	57.6575	0.9872	862.71	49105
2096	14372	27.4278	0.989834	529.376	14372
2075	67321	41.7705	0.951207	1694.36	67321
2076	89897	55.4172	0.955635	1697.5	89897
2078	29496	16.8289	0.98469	1779.95	29496
2080	37125	21.4624	0.984493	1757.02	37125
2081	41506	24.0433	0.9802	1761.17	41506
2082	12728	7.56254	0.973823	1728.27	12728
2083	42046	24.888	0.972301	1737.54	42046
2084	41346	24.9457	0.965575	1716.53	41346
2085	46286	27.9467	0.962438	1720.86	46286
2073	56530	22.4269	0.922128	2733.49	56530
2074	77469	30.2274	0.930074	2755.56	77469
2087	45502	17.3575	0.940639	2786.9	45502
2088	48485	18.1428	0.950414	2811.84	48485
2089	50264	18.5365	0.957705	2831.38	50264
2090	42625	15.367	0.970973	2856.72	42625
2091	39412	13.8441	0.980035	2904.84	39412
2093	21405	25.9038	0.972945	849.305	21405
2094	27471	33.035	0.976295	851.765	27471
2095	48224	57.6575	0.979996	853.46	48224
2096	14096	27.4278	0.982226	523.231	14096
2075	68195	41.7705	0.951757	1715.37	68195
2076	91151	55.4172	0.956409	1719.78	91151
2078	29887	16.8289	0.985625	1801.83	29887
2080	37591	21.4624	0.985376	1777.48	37591
2081	42101	24.0433	0.980821	1785.29	42101
2082	12893	7.56254	0.973674	1750.94	12893
2083	42627	24.888	0.972394	1761.38	42627
2084	41932	24.9457	0.96662	1738.97	41932
2085	46908	27.9467	0.962729	1743.46	46908
2073	57248	22.4269	0.922081	2768.35	57248
2074	78459	30.2274	0.930683	2788.95	78459
2087	46094	17.3575	0.940911	2822.34	46094
2088	49093	18.1428	0.951103	2845.04	49093
2089	50967	18.5365	0.958038	2869.98	50967
2090	43208	15.367	0.971664	2893.74	43208
2091	39908	13.8441	0.980211	2940.87	39908
2093	21714	25.9038	0.973326	861.228	21714
2094	27786	33.035	0.976596	861.266	27786
2095	48831	57.6575	0.980681	863.599	48831
2096	14287	27.4278	0.982639	530.098	14287
2075	68195	41.7705	0.951757	1715.37	68195
2076	91151	55.4172	0.956409	1719.78	91151
2078	29887	16.8289	0.985625	1801.83	29887
2080	37591	21.4624	0.985376	1777.48	37591
2081	42101	24.0433	0.980821	1785.29	42101
2082	12893	7.56254	0.973674	1750.94	12893
2083	42627	24.888	0.972394	1761.38	42627
2084	41932	24.9457	0.96662	1738.97	41932
2085	46908	27.9467	0.962729	1743.46	46908
2073	57248	22.4269	0.922081	2768.35	57248
2074	78459	30.2274	0.930683	2788.95	78459
2087	46094	17.3575	0.940911	2822.34	46094
2088	49093	18.1428	0.951103	2845.04	49093
2089	50967	18.5365	0.958038	2869.98	50967
2090	43208	15.367	0.971664	2893.74	43208
2091	39908	13.8441	0.980211	2940.87	39908
2093	21714	25.9038	0.973326	861.228	21714
2094	27786	33.035	0.976596	861.266	27786
2095	48831	57.6575	0.980681	863.599	48831
2096	14287	27.4278	0.982639	530.098	14287
2075	67321	41.7705	0.951207	1694.36	67321
2076	89897	55.4172	0.955635	1697.5	89897
2078	29496	16.8289	0.98469	1779.95	29496
2080	37125	21.4624	0.984493	1757.02	37125
2081	41506	24.0433	0.9802	1761.17	41506
2082	12728	7.56254	0.973823	1728.27	12728
2083	42046	24.888	0.972301	1737.54	42046
2084	41346	24.9457	0.965575	1716.53	41346
2085	46286	27.9467	0.962438	1720.86	46286
2073	56530	22.4269	0.922128	2733.49	56530
2074	77469	30.2274	0.930074	2755.56	77469
2087	45502	17.3575	0.940639	2786.9	45502
2088	48485	18.1428	0.950414	2811.84	48485
2089	50264	18.5365	0.957705	2831.38	50264
2090	42625	15.367	0.970973	2856.72	42625
2091	39412	13.8441	0.980035	2904.84	39412
2093	21405	25.9038	0.972945	849.305	21405
2094	27471	33.035	0.976295	851.765	27471
2095	48224	57.6575	0.979996	853.46	48224
2096	14096	27.4278	0.982226	523.231	14096
2075	67534	41.7705	0.958303	1687.14	67534
2076	90409	55.4172	0.962645	1694.73	90409
2078	29844	16.8289	0.991924	1787.81	29844
2080	37566	21.4624	0.992228	1764.03	37566
2081	41926	24.0433	0.987218	1766.35	41926
2082	12814	7.56254	0.97941	1730.03	12814
2083	42379	24.888	0.979366	1738.67	42379
2084	41719	24.9457	0.973789	1717.4	41719
2085	46629	27.9467	0.96996	1720.17	46629
2073	56661	22.4269	0.929113	2719.23	56661
2074	77876	30.2274	0.936948	2749.71	77876
2087	45848	17.3575	0.947444	2787.92	45848
2088	48911	18.1428	0.957536	2815.45	48911
2089	50729	18.5365	0.965069	2835.77	50729
2090	43165	15.367	0.97881	2869.75	43165
2091	39923	13.8441	0.987497	2920.27	39923
2093	21709	25.9038	0.980465	854.76	21709
2094	27885	33.035	0.983311	858.432	27885
2095	49105	57.6575	0.9872	862.71	49105
2096	14372	27.4278	0.989834	529.376	14372
2075	68195	41.7705	0.951757	1715.37	68195
2076	91151	55.4172	0.956409	1719.78	91151
2078	29887	16.8289	0.985625	1801.83	29887
2080	37591	21.4624	0.985376	1777.48	37591
2081	42101	24.0433	0.980821	1785.29	42101
2082	12893	7.56254	0.973674	1750.94	12893
2083	42627	24.888	0.972394	1761.38	42627
2084	41932	24.9457	0.96662	1738.97	41932
2085	46908	27.9467	0.962729	1743.46	46908
2073	57248	22.4269	0.922081	2768.35	57248
2074	78459	30.2274	0.930683	2788.95	78459
2087	46094	17.3575	0.940911	2822.34	46094
2088	49093	18.1428	0.951103	2845.04	49093
2089	50967	18.5365	0.958038	2869.98	50967
2090	43208	15.367	0.971664	2893.74	43208
2091	39908	13.8441	0.980211	2940.87	39908
2093	21714	25.9038	0.973326	861.228	21714
2094	27786	33.035	0.976596	861.266	27786
2095	48831	57.6575	0.980681	863.599	48831
2096	14287	27.4278	0.982639	530.098	14287
2075	69809	41.7705	0.951757	1755.97	69809
2076	93206	55.4172	0.956409	1758.56	93206
2078	30019	16.8289	0.985625	1809.79	30019
2080	37796	21.4624	0.985376	1787.17	37796
2081	42419	24.0433	0.980821	1798.77	42419
2082	13062	7.56254	0.973674	1773.9	13062
2083	43145	24.888	0.972394	1782.79	43145
2084	42553	24.9457	0.966621	1764.73	42553
2085	47732	27.9467	0.962729	1774.09	47732
2073	59070	22.4269	0.922082	2856.46	59070
2074	80836	30.2274	0.930683	2873.44	80836
2087	47140	17.3575	0.940911	2886.39	47140
2088	50018	18.1428	0.951103	2898.65	50018
2089	51729	18.5365	0.95804	2912.89	51729
2090	43638	15.367	0.971664	2922.54	43638
2091	40140	13.8441	0.980211	2957.97	40140
2093	21714	25.9038	0.973326	861.228	21714
2094	28015	33.035	0.976596	868.364	28015
2095	49113	57.6575	0.980682	868.586	49113
2096	14378	27.4278	0.982639	533.475	14378
2075	68195	41.7705	0.951757	1715.37	68195
2076	91151	55.4172	0.956409	1719.78	91151
2078	29887	16.8289	0.985625	1801.83	29887
2080	37591	21.4624	0.985376	1777.48	37591
2081	42101	24.0433	0.980821	1785.29	42101
2082	12893	7.56254	0.973674	1750.94	12893
2083	42627	24.888	0.972394	1761.38	42627
2084	41932	24.9457	0.96662	1738.97	41932
2085	46908	27.9467	0.962729	1743.46	46908
2073	57248	22.4269	0.922081	2768.35	57248
2074	78459	30.2274	0.930683	2788.95	78459
2087	46094	17.3575	0.940911	2822.34	46094
2088	49093	18.1428	0.951103	2845.04	49093
2089	50967	18.5365	0.958038	2869.98	50967
2090	43208	15.367	0.971664	2893.74	43208
2091	39908	13.8441	0.980211	2940.87	39908
2093	21714	25.9038	0.973326	861.228	21714
2094	27786	33.035	0.976596	861.266	27786
2095	48831	57.6575	0.980681	863.599	48831
2096	14287	27.4278	0.982639	530.098	14287
2075	68195	41.7705	0.951757	1715.37	68195
2075	68195	41.7705	0.951757	1715.37	68195
2073	57248	22.4269	0.922081	2768.35	57248
2074	78459	30.2274	0.930683	2788.95	78459
2076	91151	55.4172	0.956409	1719.78	91151
2078	29887	16.8289	0.985625	1801.83	29887
2080	37591	21.4624	0.985376	1777.48	37591
2096	14287	27.4278	0.982639	530.098	14287
2087	46094	17.3575	0.940911	2822.34	46094
2088	49093	18.1428	0.951103	2845.04	49093
2089	50967	18.5365	0.958038	2869.98	50967
2090	43208	15.367	0.971664	2893.74	43208
2081	42101	24.0433	0.980821	1785.29	42101
2082	12893	7.56254	0.973674	1750.94	12893
2091	39908	13.8441	0.980211	2940.87	39908
2083	42627	24.888	0.972394	1761.38	42627
2084	41932	24.9457	0.96662	1738.97	41932
2085	46908	27.9467	0.962729	1743.46	46908
2075	69916	41.7705	0.957865	1747.44	69916
2076	93338	55.4172	0.96233	1750.21	93338
2078	30047	16.8289	0.99164	1800.49	30047
2080	37842	21.4624	0.99175	1777.84	37842
2081	42415	24.0433	0.986817	1787.67	42415
2082	13052	7.56254	0.979131	1762.66	13052
2083	43127	24.888	0.978969	1770.07	43127
2084	42616	24.9457	0.973218	1755.36	42616
2085	47820	27.9467	0.969346	1765.23	47820
2073	59361	22.4269	0.928746	2849.93	59361
2074	81168	30.2274	0.936467	2867.42	81168
2087	47352	17.3575	0.946984	2880.78	47352
2088	50260	18.1428	0.957126	2894.34	50260
2089	51880	18.5365	0.964718	2901.17	51880
2090	43790	15.367	0.978447	2912.39	43790
2091	40252	13.8441	0.987075	2945.59	40252
2093	22014	25.9038	0.979913	867.258	22014
2094	28237	33.035	0.982925	869.61	28237
2095	49544	57.6575	0.986583	870.968	49544
2096	14512	27.4278	0.989319	534.81	14512
2075	68288	41.7705	0.957865	1706.75	68288
2076	91042	55.4172	0.96233	1707.16	91042
2078	29405	16.8289	0.99164	1762.02	29405
2080	37024	21.4624	0.99175	1739.41	37024
2081	41488	24.0433	0.986817	1748.6	41488
2082	12775	7.56254	0.979131	1725.25	12775
2083	42125	24.888	0.978969	1728.95	42125
2084	41664	24.9457	0.973218	1716.15	41664
2085	46709	27.9467	0.969346	1724.22	46709
2073	57682	22.4269	0.928746	2769.32	57682
2074	78953	30.2274	0.936467	2789.17	78953
2087	46104	17.3575	0.946984	2804.85	46104
2088	48917	18.1428	0.957126	2817	48917
2089	50527	18.5365	0.964718	2825.51	50527
2090	42637	15.367	0.978447	2835.7	42637
2091	39251	13.8441	0.987075	2872.34	39251
2093	21288	25.9038	0.979913	838.656	21288
2094	27348	33.035	0.982925	842.232	27348
2095	47936	57.6575	0.986583	842.7	47936
2096	14079	27.4278	0.989319	518.853	14079
2075	65962	41.7705	0.957862	1648.62	65962
2076	88202	55.4172	0.962328	1653.91	88202
2078	29202	16.8289	0.99164	1749.85	29202
2080	36745	21.4624	0.991749	1726.31	36745
2081	41020	24.0433	0.986817	1728.88	41020
2082	12533	7.56254	0.97913	1692.57	12533
2083	41379	24.888	0.978968	1698.33	41379
2084	40779	24.9457	0.973216	1679.7	40779
2085	45528	27.9467	0.969344	1680.62	45528
2073	55068	22.4269	0.928742	2643.83	55068
2074	75752	30.2274	0.936463	2676.1	75752
2087	44652	17.3575	0.946981	2716.52	44652
2088	47598	18.1428	0.957124	2741.05	47598
2089	49400	18.5365	0.964716	2762.49	49400
2090	42019	15.367	0.978446	2794.6	42019
2091	38936	13.8441	0.987074	2849.29	38936
2093	21002	25.9038	0.979912	827.39	21002
2094	27006	33.035	0.982924	831.7	27006
2095	47505	57.6575	0.986582	835.123	47505
2096	13952	27.4278	0.989319	514.173	13952
2075	67959	41.7705	0.957865	1698.53	67959
2076	90666	55.4172	0.96233	1700.11	90666
2078	29379	16.8289	0.99164	1760.46	29379
2080	36995	21.4624	0.99175	1738.05	36995
2081	41420	24.0433	0.986817	1745.74	41420
2082	12740	7.56254	0.979131	1720.52	12740
2083	42042	24.888	0.978968	1725.54	42042
2084	41561	24.9457	0.973217	1711.91	41561
2085	46540	27.9467	0.969346	1717.98	46540
2073	57306	22.4269	0.928745	2751.27	57306
2074	78516	30.2274	0.936466	2773.73	78516
2087	45906	17.3575	0.946983	2792.81	45906
2088	48732	18.1428	0.957126	2806.35	48732
2089	50369	18.5365	0.964718	2816.67	50369
2090	42540	15.367	0.978447	2829.25	42540
2091	39211	13.8441	0.987075	2869.41	39211
2093	21246	25.9038	0.979913	837.002	21246
2094	27315	33.035	0.982925	841.216	27315
2095	47886	57.6575	0.986582	841.821	47886
2096	14066	27.4278	0.989319	518.374	14066
2096	14034	27.4278	0.989391	517.157	14034
2075	68133	41.7705	0.957891	1702.83	68133
2076	90812	55.4172	0.962369	1702.77	90812
2078	29333	16.8289	0.991629	1757.72	29333
2080	36940	21.4624	0.991882	1735.24	36940
2081	41395	24.0433	0.986901	1744.53	41395
2082	12736	7.56254	0.979124	1720	12736
2083	42013	24.888	0.978947	1724.39	42013
2084	41555	24.9457	0.973285	1711.54	41555
2085	46608	27.9467	0.969367	1720.45	46608
2073	57526	22.4269	0.928689	2762	57526
2074	78781	30.2274	0.936422	2783.23	78781
2087	46001	17.3575	0.94702	2798.48	46001
2088	48790	18.1428	0.957179	2809.53	48790
2089	50396	18.5365	0.964611	2818.49	50396
2090	42526	15.367	0.978448	2828.32	42526
2091	39141	13.8441	0.987066	2864.32	39141
2093	21246	25.9038	0.979974	836.95	21246
2094	27278	33.035	0.982857	840.134	27278
2095	47793	57.6575	0.986599	840.172	47793
2075	68133	41.7705	0.957891	1702.83	68133
2076	90812	55.4172	0.962369	1702.77	90812
2078	29333	16.8289	0.991629	1757.72	29333
2080	36940	21.4624	0.991882	1735.24	36940
2081	41395	24.0433	0.986901	1744.53	41395
2082	12736	7.56254	0.979124	1720	12736
2083	42013	24.888	0.978947	1724.39	42013
2084	41555	24.9457	0.973285	1711.54	41555
2085	46608	27.9467	0.969367	1720.45	46608
2073	57526	22.4269	0.928689	2762	57526
2074	78781	30.2274	0.936422	2783.23	78781
2087	46001	17.3575	0.94702	2798.48	46001
2088	48790	18.1428	0.957179	2809.53	48790
2089	50396	18.5365	0.964611	2818.49	50396
2090	42526	15.367	0.978448	2828.32	42526
2091	39141	13.8441	0.987066	2864.32	39141
2093	21246	25.9038	0.979974	836.95	21246
2094	27278	33.035	0.982857	840.134	27278
2095	47793	57.6575	0.986599	840.172	47793
2096	14034	27.4278	0.989391	517.157	14034
2075	68133	41.7705	0.957891	1702.83	68133
2076	90812	55.4172	0.962369	1702.77	90812
2078	29333	16.8289	0.991629	1757.72	29333
2080	36940	21.4624	0.991882	1735.24	36940
2081	41395	24.0433	0.986901	1744.53	41395
2082	12736	7.56254	0.979124	1720	12736
2083	42013	24.888	0.978947	1724.39	42013
2084	41555	24.9457	0.973285	1711.54	41555
2085	46608	27.9467	0.969367	1720.45	46608
2075	68133	41.7705	0.957891	1702.83	68133
2076	90810	55.4172	0.962369	1702.74	90810
2078	29333	16.8289	0.991629	1757.72	29333
2080	36939	21.4624	0.991882	1735.19	36939
2081	41394	24.0433	0.986901	1744.49	41394
2082	12735	7.56254	0.979124	1719.86	12735
2083	42013	24.888	0.978947	1724.39	42013
2084	41554	24.9457	0.973285	1711.5	41554
2085	46607	27.9467	0.969367	1720.41	46607
2073	57525	22.4269	0.928689	2761.95	57525
2074	78770	30.2274	0.936422	2782.84	78770
2087	46000	17.3575	0.94702	2798.42	46000
2088	48790	18.1428	0.957179	2809.53	48790
2089	50396	18.5365	0.964611	2818.49	50396
2090	42526	15.367	0.978448	2828.32	42526
2091	39141	13.8441	0.987066	2864.32	39141
2096	14034	27.4278	0.989391	517.157	14034
2093	21241	25.9038	0.979974	836.753	21241
2094	27278	33.035	0.982857	840.134	27278
2095	47792	57.6575	0.986599	840.154	47792
2075	74909	41.7705	0.926336	1935.96	74909
2076	99866	55.4172	0.930816	1936.02	99866
2078	32142	16.8289	0.959171	1991.22	32142
2080	40697	21.4624	0.959506	1976.23	40697
2081	45579	24.0433	0.955939	1983.08	45579
2082	14032	7.56254	0.946572	1960.19	14032
2083	46112	24.888	0.947006	1956.46	46112
2084	45713	24.9457	0.939943	1949.58	45713
2085	51292	27.9467	0.938451	1955.72	51292
2073	67956	22.4269	0.897578	3375.87	67956
2074	93294	30.2274	0.90423	3413.29	93294
2087	54391	17.3575	0.915324	3423.46	54391
2088	57682	18.1428	0.92545	3435.45	57682
2089	59441	18.5365	0.933196	3436.26	59441
2090	50143	15.367	0.944843	3453.52	50143
2091	46285	13.8441	0.955908	3497.51	46285
2093	28031	25.9038	0.953922	1134.39	28031
2094	35850	33.035	0.955985	1135.18	35850
2095	63036	57.6575	0.959425	1139.52	63036
2096	19648	27.4278	0.95982	746.342	19648
2075	68133	41.7705	0.957891	1702.83	68133
2076	90810	55.4172	0.962369	1702.74	90810
2078	29333	16.8289	0.991629	1757.72	29333
2080	36939	21.4624	0.991882	1735.19	36939
2081	41394	24.0433	0.986901	1744.49	41394
2082	12735	7.56254	0.979124	1719.86	12735
2083	42013	24.888	0.978947	1724.39	42013
2084	41554	24.9457	0.973285	1711.5	41554
2085	46607	27.9467	0.969367	1720.41	46607
2075	68133	41.7705	0.957891	1702.83	68133
2076	90810	55.4172	0.962369	1702.74	90810
2078	29333	16.8289	0.991629	1757.72	29333
2080	36939	21.4624	0.991882	1735.19	36939
2081	41394	24.0433	0.986901	1744.49	41394
2082	12735	7.56254	0.979124	1719.86	12735
2083	42013	24.888	0.978947	1724.39	42013
2084	41554	24.9457	0.973285	1711.5	41554
2085	46607	27.9467	0.969367	1720.41	46607
2073	57525	22.4269	0.928689	2761.95	57525
2074	78770	30.2274	0.936422	2782.84	78770
2087	46000	17.3575	0.94702	2798.42	46000
2088	48790	18.1428	0.957179	2809.53	48790
2089	50396	18.5365	0.964611	2818.49	50396
2090	42526	15.367	0.978448	2828.32	42526
2091	39141	13.8441	0.987066	2864.32	39141
2096	14034	27.4278	0.989391	517.157	14034
2093	21241	25.9038	0.979974	836.753	21241
2094	27278	33.035	0.982857	840.134	27278
2095	47792	57.6575	0.986599	840.154	47792
