4686
4687
4688
4691
4692
4693
4694
4700
4701
4703
4705
4708
4714
4715
4718
4722
4725
4729
4730
4733
4736
4737
4742
4748
4751
4752
4757
4758
4759
4761
4765
4767
4770
4771
4772
4773
4774
4775
4778
4780
4787
4788
4789
4790
4795
4797
4800
4803
4805
4807
4808
4814
4817
4820
4821
4825
4832
4833
4837
4839
4841
4843
4845
4847
4849
4850
4852
4854
4855
4859
4861
4862
4863
4864
4872
4877
4881
4882
4883
4884
4889
4890
4892
4893
4894
4895
4898
4899
4900
4901
4906
4910
4911
4915
4917
4918
4921
4922
4924
4925
4926
4929
4931
4932
4938
4939
4940
4941
4942
4944
4946
4952
4955
4957
4959
4963
4964
4967
4970
4972
4977
4982
4989
4990
4994
4995
4997
4999
5001
5002
5003
5005
5006
5009
5010
5012
5013
5019
5020
5021
5022
5024
5025
5026
5029
5033
5034
5036
5038
5040
5043
5045
5046
5048
5050
5063
5066
5067
5069
5071
5072
5076
5077
5082
5085
5094
5096
5100
5102
5103
5106
5107
5109
5115
5119
5123
5124
5125
5126
5129
5130
5131
5133
5134
5137
5142
5144
5145
5149
5156
5157
5158
5161
5163
5164
5168
5169
5173
5175
5176
5182
5184
5185
5187
5189
5193
5195
5196
5198
5202
5204
5220
5222
5223
5224
5226
5227
5229
5231
5234
5241
5242
5244
5246
5247
5248
5249
5251
5252
5253
5255
5257
5259
5262
5266
5267
5269
5270
5271
5272
5274
5282
5284
5285
5288
5289
5291
5292
5293
5294
5297
5300
5304
5305
5307
5308
5309
5311
5312
5313
5317
5319
5324
5328
5331
5338
5344
5347
5350
5352
5353
5357
5360
5361
5362
5363
5367
5374
5375
5376
5377
5378
5379
5382
5387
5389
5396
5397
5398
5400
5401
5405
5410
5412
5413
5415
5416
5421
5426
5428
5429
5433
5435
5436
5438
5440
5443
5446
5448
5454
5457
5465
5469
5471
5473
5474
5475
5477
5478
5484
5485
5487
5489
5491
5494
5496
5497
5498
5499
5503
5504
5506
5507
5508
5509
5511
5514
5519
5521
5523
5525
5527
5532
5533
5538
5539
5540
5541
5542
5544
5546
5551
5556
5557
5558
5561
5562
5563
5565
5566
5568
5572
5574
5575
5582
5586
5587
5589
5591
5593
5595
5599
5600
5601
5607
5610
5611
5614
5615
5617
5621
5629
5632
5634
5636
5637
5641
5645
5648
5649
5651
5652
5654
5655
5658
5659
5661
5662
5663
5675
5679
5683
5684
5685
5689
5690
5693
5695
5702
5703
5704
5708
5720
5721
5724
5728
5730
5739
5743
5745
5750
5758
5759
5764
5765
5769
5770
5771
5774
5776
5777
5779
5781
5782
5785
5788
5792
5793
5794
5796
5801
5807
5811
5813
5817
5818
5821
5825
5827
5828
5829
5830
5834
5836
5839
5842
5843
5846
5847
5848
5855
5860
5865
5868
5877
5878
5879
5880
5882
5884
5886
5888
5890
5893
5896
5900
5903
5906
5908
5910
5911
5912
5915
5916
5917
5924
5929
5930
5933
5935
5939
5941
5943
5945
5946
5948
5950
5951
5957
5958
5960
5962
5964
5965
5966
5967
5968
5969
5971
5972
5976
5978
5979
5986
5988
5992
5994
5999
