1565	74055.1   	0.964612	0.000219	0.998237	0.001763	0.962912	0.001714
1571	68618.4   	0.965458	0.000396	0.998367	0.001633	0.963881	0.001626
1572	70192.4   	0.965013	0.000246	0.998329	0.001671	0.963400	0.001631
1573	19926.1   	0.988410	0.000239	0.999526	0.000474	0.987941	0.000526
1574	98876.4   	0.940050	0.000359	0.997647	0.002353	0.937838	0.002241
1575	96970.3   	0.940753	0.000195	0.997692	0.002308	0.938582	0.002180
1576	95830.7   	0.941269	0.000191	0.997719	0.002281	0.939122	0.002155
1577	99047.8   	0.940630	0.000187	0.997643	0.002357	0.938412	0.002225
1578	101016.0   	0.941225	0.000932	0.997596	0.002404	0.938963	0.002446
1579	25021.4   	0.982710	0.000202	0.999404	0.000596	0.982125	0.000619
1580	21262.9   	0.981973	0.000338	0.999494	0.000506	0.981476	0.000601
1581	22921.3   	0.981600	0.000274	0.999454	0.000546	0.981064	0.000601
1586	35514.4   	0.974041	0.000230	0.999155	0.000845	0.973218	0.000855
1588	18547.7   	0.985670	0.000378	0.999559	0.000441	0.985235	0.000576
1589	17927.4   	0.985891	0.000191	0.999573	0.000427	0.985471	0.000462
1590	22849.5   	0.961537	0.000270	0.999456	0.000544	0.961014	0.000589
1591	23079.0   	0.962229	0.000485	0.999451	0.000549	0.961700	0.000717
1592	51072.0   	0.917768	0.000287	0.998784	0.001216	0.916653	0.001152
1593	46004.7   	0.922547	0.000398	0.998905	0.001095	0.921536	0.001086
1594	24896.0   	0.956337	0.000268	0.999407	0.000593	0.955770	0.000627
1595	22628.5   	0.960484	0.000266	0.999461	0.000539	0.959967	0.000582
1596	18044.8   	0.975265	0.000448	0.999571	0.000429	0.974846	0.000613
1597	66429.1   	0.891410	0.000231	0.998419	0.001581	0.890001	0.001428
1599	76762.6   	0.886689	0.000365	0.998173	0.001827	0.885069	0.001660
1600	55943.1   	0.930147	0.000300	0.998669	0.001331	0.928908	0.001274
1601	58183.6   	0.930980	0.000265	0.998615	0.001385	0.929691	0.001316
1602	55623.0   	0.933779	0.000513	0.998676	0.001324	0.932543	0.001338
1603	59483.6   	0.873523	0.000378	0.998584	0.001416	0.872286	0.001293
1604	59369.5   	0.873483	0.000354	0.998587	0.001413	0.872249	0.001284
1605	60553.3   	0.873110	0.000547	0.998559	0.001441	0.871852	0.001372
1606	80995.5   	0.784996	0.000351	0.998072	0.001928	0.783483	0.001553
1607	82954.8   	0.781543	0.000327	0.998026	0.001974	0.780000	0.001577
1608	76044.9   	0.791058	0.000279	0.998190	0.001810	0.789626	0.001459
1609	18804.6   	0.948715	0.000663	0.999552	0.000448	0.948290	0.000787
1610	20302.8   	0.947906	0.001588	0.999517	0.000483	0.947448	0.001652
1611	25812.8   	0.916115	0.000435	0.999386	0.000614	0.915552	0.000711
1612	25682.8   	0.916790	0.000360	0.999389	0.000611	0.916230	0.000666
1613	26797.6   	0.915073	0.000354	0.999362	0.000638	0.914489	0.000682
1614	25031.5   	0.917401	0.000525	0.999404	0.000596	0.916854	0.000757
1615	26379.4   	0.908818	0.000371	0.999372	0.000628	0.908247	0.000680
1616	27384.8   	0.908762	0.000292	0.999348	0.000652	0.908170	0.000660
1617	73746.5   	0.779787	0.000416	0.998245	0.001755	0.778418	0.001430
1619	25088.0   	0.913190	0.000338	0.999403	0.000597	0.912645	0.000641
1620	56003.6   	0.830195	0.000509	0.998667	0.001333	0.829089	0.001218
1621	49196.9   	0.841015	0.001091	0.998829	0.001171	0.840030	0.001468
1622	27246.9   	0.872790	0.000322	0.999352	0.000648	0.872224	0.000651
1623	23312.1   	0.884031	0.000264	0.999445	0.000555	0.883540	0.000557
1624	121028.0   	0.878462	0.000427	0.997120	0.002880	0.875932	0.002566
1625	109013.0   	0.892498	0.000625	0.997405	0.002595	0.890182	0.002398
1626	70190.8   	0.971575	0.000943	0.998329	0.001671	0.969952	0.001876
1627	71882.5   	0.792284	0.000225	0.998289	0.001711	0.790928	0.001374
1628	20921.6   	0.920675	0.000622	0.999502	0.000498	0.920217	0.000772
1629	19076.9   	0.924457	0.000471	0.999546	0.000454	0.924038	0.000631
1630	62805.3   	0.948205	0.000496	0.998505	0.001495	0.946788	0.001502
1631	66945.5   	0.948060	0.000489	0.998407	0.001593	0.946549	0.001588
1632	67862.3   	0.946599	0.000642	0.998385	0.001615	0.945070	0.001658
1633	30028.8   	0.860399	0.000478	0.999285	0.000715	0.859784	0.000778
1634	29542.6   	0.967642	0.000618	0.999297	0.000703	0.966961	0.000919
1635	28070.4   	0.968226	0.000680	0.999332	0.000668	0.967579	0.000938
1636	30893.5   	0.967293	0.000900	0.999265	0.000735	0.966582	0.001147
1637	68079.4   	0.929741	0.000699	0.998380	0.001620	0.928234	0.001660
1638	77230.2   	0.999915	0.001358	0.998162	0.001838	0.998077	0.002284
1639	74898.2   	1.000013	0.001061	0.998217	0.001783	0.998230	0.002074
1640	105179.0   	0.927788	0.000608	0.997497	0.002503	0.925466	0.002400
1641	21878.7   	0.861391	0.000436	0.999479	0.000521	0.860943	0.000626
1643	2450.8   	0.995118	0.000443	0.999942	0.000058	0.995060	0.000447
1644	5657.4   	0.996664	0.000420	0.999865	0.000135	0.996530	0.000440
1645	6329.9   	0.996162	0.000483	0.999849	0.000151	0.996011	0.000505
1649	6230.0   	0.997864	0.000311	0.999852	0.000148	0.997716	0.000345
1651	6210.4   	0.998066	0.000347	0.999852	0.000148	0.997918	0.000377
1652	10100.7   	0.995440	0.000239	0.999760	0.000240	0.995201	0.000338
1653	9605.1   	0.995934	0.000266	0.999771	0.000229	0.995706	0.000350
1654	9267.9   	0.996151	0.000267	0.999779	0.000221	0.995931	0.000346
1655	10068.7   	0.995164	0.000343	0.999760	0.000240	0.994926	0.000418
1656	2606.8   	0.997594	0.000277	0.999938	0.000062	0.997532	0.000284
1657	2629.5   	0.997192	0.000285	0.999937	0.000063	0.997129	0.000291
1658	6234.8   	0.998798	0.000491	0.999852	0.000148	0.998649	0.000512
1659	6869.8   	0.998218	0.000310	0.999837	0.000163	0.998054	0.000350
1660	6146.8   	0.998273	0.000296	0.999854	0.000146	0.998127	0.000330
1661	6051.1   	0.998397	0.000292	0.999856	0.000144	0.998253	0.000326
1662	6111.4   	0.997509	0.000348	0.999855	0.000145	0.997364	0.000377
1663	5992.2   	0.998624	0.000300	0.999857	0.000143	0.998481	0.000332
1664	5985.9   	0.998138	0.000306	0.999858	0.000142	0.997996	0.000337
1665	9321.8   	0.995705	0.000250	0.999778	0.000222	0.995484	0.000334
1666	9384.4   	0.996528	0.000215	0.999777	0.000223	0.996305	0.000309
1667	9224.8   	0.995734	0.000241	0.999780	0.000220	0.995515	0.000325
1668	8736.1   	0.995951	0.000247	0.999792	0.000208	0.995744	0.000322
1669	8284.1   	0.996488	0.000400	0.999803	0.000197	0.996291	0.000445
1670	8798.5   	0.995886	0.000245	0.999791	0.000209	0.995677	0.000322
1671	2584.5   	0.997721	0.000265	0.999938	0.000062	0.997660	0.000272
1672	2582.3   	0.997265	0.000280	0.999939	0.000061	0.997204	0.000287
1673	2589.6   	0.997527	0.000268	0.999938	0.000062	0.997465	0.000275
1674	5202.2   	0.998085	0.000344	0.999876	0.000124	0.997961	0.000365
1675	5012.0   	0.998780	0.000315	0.999881	0.000119	0.998661	0.000336
1676	5319.3   	0.998025	0.000333	0.999873	0.000127	0.997899	0.000357
1677	5270.2   	0.998462	0.000321	0.999875	0.000125	0.998336	0.000344
1678	2511.4   	0.997918	0.000247	0.999940	0.000060	0.997858	0.000254
1679	9082.8   	0.996104	0.000236	0.999784	0.000216	0.995888	0.000319
1683	9102.3   	0.995585	0.000269	0.999783	0.000217	0.995370	0.000344
1684	9357.2   	0.995901	0.000234	0.999777	0.000223	0.995679	0.000323
1685	9483.8   	0.995984	0.000221	0.999774	0.000226	0.995760	0.000315
1686	5871.6   	0.997629	0.000353	0.999860	0.000140	0.997490	0.000379
1687	5838.3   	0.998522	0.000274	0.999861	0.000139	0.998383	0.000307
1688	5858.7   	0.998577	0.000284	0.999861	0.000139	0.998438	0.000317
1689	5825.5   	0.997811	0.000364	0.999861	0.000139	0.997673	0.000390
1690	5637.8   	0.998052	0.000344	0.999866	0.000134	0.997918	0.000369
1691	5644.7   	0.998618	0.000282	0.999866	0.000134	0.998484	0.000312
1692	5556.5   	0.997944	0.000347	0.999868	0.000132	0.997812	0.000371
1693	2435.1   	0.997746	0.000288	0.999942	0.000058	0.997688	0.000294
1694	8910.4   	0.995878	0.000250	0.999788	0.000212	0.995667	0.000327
1695	9116.9   	0.996080	0.000285	0.999783	0.000217	0.995863	0.000357
1696	9013.6   	0.995859	0.000254	0.999785	0.000215	0.995646	0.000332
1697	8936.2   	0.995956	0.000271	0.999787	0.000213	0.995744	0.000344
1698	8588.6   	0.996343	0.000259	0.999796	0.000204	0.996139	0.000329
1699	7287.9   	0.996268	0.000287	0.999827	0.000173	0.996095	0.000335
1700	7130.9   	0.996801	0.000300	0.999830	0.000170	0.996632	0.000345
1701	8065.8   	0.995464	0.000420	0.999808	0.000192	0.995273	0.000462
1702	2533.7   	0.998032	0.000246	0.999940	0.000060	0.997971	0.000253
1703	2354.9   	0.998216	0.000269	0.999944	0.000056	0.998161	0.000274
1704	5531.4   	0.998275	0.000368	0.999868	0.000132	0.998143	0.000390
1705	5548.6   	0.998216	0.000343	0.999868	0.000132	0.998084	0.000367
1706	5674.8   	0.997829	0.000362	0.999865	0.000135	0.997694	0.000386
1707	5428.6   	0.997757	0.000379	0.999871	0.000129	0.997628	0.000400
1708	5920.4   	0.998243	0.000469	0.999859	0.000141	0.998103	0.000490
1709	5779.5   	0.997875	0.000313	0.999862	0.000138	0.997738	0.000342
1710	5612.2   	0.998077	0.000345	0.999866	0.000134	0.997943	0.000370
1711	5909.2   	0.998173	0.000313	0.999859	0.000141	0.998033	0.000343
1712	5613.5   	0.997867	0.000365	0.999866	0.000134	0.997733	0.000389
1713	6067.2   	0.998567	0.000716	0.999856	0.000144	0.998423	0.000730
1733	5264.1   	0.997895	0.000372	0.999875	0.000125	0.997770	0.000392
1734	2506.2   	0.997894	0.000337	0.999940	0.000060	0.997834	0.000342
1735	8372.9   	0.995974	0.000227	0.999801	0.000199	0.995776	0.000301
1736	8434.9   	0.996291	0.000230	0.999799	0.000201	0.996091	0.000305
1737	5304.9   	0.998185	0.000316	0.999874	0.000126	0.998059	0.000340
1738	5403.0   	0.998205	0.000299	0.999871	0.000129	0.998077	0.000325
1739	5391.8   	0.998136	0.000302	0.999872	0.000128	0.998008	0.000328
1740	5428.8   	0.998473	0.000279	0.999871	0.000129	0.998344	0.000307
1741	2550.3   	0.997587	0.000249	0.999939	0.000061	0.997527	0.000256
1742	8238.1   	0.995525	0.000245	0.999804	0.000196	0.995330	0.000313
1743	8284.0   	0.996125	0.000235	0.999803	0.000197	0.995928	0.000306
1746	5369.9   	0.998219	0.000301	0.999872	0.000128	0.998092	0.000327
1747	5337.2   	0.998444	0.000294	0.999873	0.000127	0.998317	0.000320
1756	6251.3   	0.997521	0.000357	0.999851	0.000149	0.997373	0.000387
1757	6341.1   	0.997448	0.000347	0.999849	0.000151	0.997297	0.000378
1758	5993.5   	0.998041	0.000384	0.999857	0.000143	0.997898	0.000409
1759	6539.5   	0.998031	0.000284	0.999844	0.000156	0.997876	0.000324
1760	6662.2   	0.997180	0.000587	0.999841	0.000159	0.997022	0.000608
1761	6102.9   	0.998280	0.000283	0.999855	0.000145	0.998135	0.000318
1762	6909.1   	0.996415	0.000235	0.999836	0.000164	0.996251	0.000286
1763	6734.4   	0.996701	0.000240	0.999840	0.000160	0.996541	0.000288
1764	2766.0   	0.996002	0.000222	0.999934	0.000066	0.995936	0.000231
1765	11164.8   	0.987473	0.000202	0.999734	0.000266	0.987210	0.000331
1766	11078.1   	0.987313	0.000212	0.999736	0.000264	0.987053	0.000335
1767	8191.5   	0.995938	0.000251	0.999805	0.000195	0.995744	0.000317
1768	6686.7   	0.997077	0.000229	0.999841	0.000159	0.996918	0.000279
1769	2825.1   	0.995885	0.000237	0.999933	0.000067	0.995818	0.000246
1770	10685.9   	0.987861	0.000219	0.999746	0.000254	0.987610	0.000333
1771	9893.3   	0.988476	0.000235	0.999765	0.000235	0.988243	0.000331
1772	5751.0   	0.997161	0.000270	0.999863	0.000137	0.997024	0.000303
1773	6525.9   	0.996527	0.000272	0.999845	0.000155	0.996372	0.000313
1774	2796.4   	0.995956	0.000220	0.999933	0.000067	0.995890	0.000230
1775	11196.0   	0.987291	0.000232	0.999734	0.000266	0.987027	0.000351
1776	11010.2   	0.987471	0.000208	0.999738	0.000262	0.987212	0.000332
1777	10757.7   	0.987284	0.000241	0.999744	0.000256	0.987031	0.000349
1778	11055.1   	0.987041	0.000249	0.999737	0.000263	0.986781	0.000360
1779	10956.6   	0.987202	0.000225	0.999739	0.000261	0.986944	0.000342
1780	2815.1   	0.995827	0.000245	0.999933	0.000067	0.995761	0.000254
1781	2782.8   	0.995673	0.000228	0.999934	0.000066	0.995607	0.000238
1782	2746.3   	0.995650	0.000227	0.999935	0.000065	0.995585	0.000236
1783	6628.5   	0.996608	0.000282	0.999842	0.000158	0.996451	0.000323
1784	7183.4   	0.996204	0.000297	0.999829	0.000171	0.996034	0.000342
1785	6810.2   	0.996719	0.000248	0.999838	0.000162	0.996558	0.000296
1786	7259.6   	0.996407	0.000318	0.999827	0.000173	0.996234	0.000362
1787	7184.7   	0.996535	0.000245	0.999829	0.000171	0.996364	0.000298
1788	6983.6   	0.996529	0.000243	0.999834	0.000166	0.996364	0.000294
1789	10907.8   	0.987085	0.000451	0.999740	0.000260	0.986829	0.000519
1790	11853.3   	0.986455	0.000220	0.999718	0.000282	0.986176	0.000355
1791	11148.4   	0.987341	0.000280	0.999735	0.000265	0.987079	0.000383
1792	10712.6   	0.987329	0.000236	0.999745	0.000255	0.987077	0.000345
1793	10896.4   	0.987237	0.000235	0.999741	0.000259	0.986981	0.000347
1794	10710.3   	0.987114	0.000255	0.999745	0.000255	0.986863	0.000358
1795	11651.0   	0.986833	0.000202	0.999723	0.000277	0.986559	0.000340
1796	11677.9   	0.986614	0.000230	0.999722	0.000278	0.986340	0.000358
1797	11001.6   	0.987222	0.000356	0.999738	0.000262	0.986963	0.000440
1798	2903.9   	0.994842	0.000517	0.999931	0.000069	0.994773	0.000522
1799	6396.7   	0.996288	0.000372	0.999848	0.000152	0.996136	0.000402
1800	6525.4   	0.996603	0.000250	0.999845	0.000155	0.996448	0.000294
1801	6874.4   	0.996479	0.000239	0.999836	0.000164	0.996316	0.000289
1802	7106.3   	0.996715	0.000210	0.999831	0.000169	0.996547	0.000269
1803	5987.8   	0.981660	0.000222	0.999857	0.000143	0.981520	0.000262
1804	15331.2   	0.956985	0.000216	0.999635	0.000365	0.956635	0.000411
1805	15774.5   	0.956001	0.000437	0.999625	0.000375	0.955642	0.000565
1806	15291.1   	0.957008	0.000223	0.999636	0.000364	0.956660	0.000414
1807	14510.2   	0.958235	0.000220	0.999655	0.000345	0.957904	0.000397
1808	14530.9   	0.960005	0.000201	0.999654	0.000346	0.959673	0.000388
1809	3265.5   	0.991608	0.000165	0.999922	0.000078	0.991531	0.000182
1810	5764.4   	0.992565	0.000238	0.999863	0.000137	0.992429	0.000274
1811	6044.4   	0.992151	0.000222	0.999856	0.000144	0.992009	0.000264
1812	6045.2   	0.992364	0.000210	0.999856	0.000144	0.992221	0.000254
1813	5814.6   	0.992426	0.000241	0.999862	0.000138	0.992289	0.000277
1814	3129.3   	0.991797	0.000261	0.999925	0.000075	0.991723	0.000272
1815	11622.1   	0.966956	0.000248	0.999723	0.000277	0.966688	0.000365
1820	15287.3   	0.957231	0.000706	0.999636	0.000364	0.956882	0.000787
1821	15571.0   	0.956265	0.000213	0.999629	0.000371	0.955910	0.000414
1822	15154.5   	0.954093	0.000255	0.999639	0.000361	0.953749	0.000428
1823	6912.3   	0.989880	0.000242	0.999835	0.000165	0.989717	0.000292
1824	8010.6   	0.989656	0.000211	0.999809	0.000191	0.989467	0.000283
1825	7744.0   	0.990188	0.000230	0.999816	0.000184	0.990006	0.000293
1826	6647.7   	0.990191	0.000245	0.999842	0.000158	0.990035	0.000291
1827	6517.1   	0.990991	0.000249	0.999845	0.000155	0.990837	0.000292
1828	3401.4   	0.991368	0.000206	0.999919	0.000081	0.991288	0.000221
1829	16683.4   	0.951670	0.000374	0.999603	0.000397	0.951292	0.000532
1830	14677.5   	0.959215	0.000189	0.999651	0.000349	0.958880	0.000385
1831	13569.0   	0.960986	0.000190	0.999677	0.000323	0.960676	0.000364
1832	3065.3   	0.992088	0.000209	0.999927	0.000073	0.992016	0.000221
1833	6955.9   	0.990992	0.000209	0.999834	0.000166	0.990828	0.000266
1834	6732.5   	0.991259	0.000218	0.999840	0.000160	0.991100	0.000270
1835	13077.7   	0.962783	0.000229	0.999689	0.000311	0.962483	0.000377
1836	18226.4   	0.950043	0.000201	0.999566	0.000434	0.949631	0.000459
1837	8873.6   	0.988563	0.000237	0.999789	0.000211	0.988354	0.000316
1838	7326.6   	0.990508	0.000367	0.999826	0.000174	0.990335	0.000405
1839	8913.4   	0.988463	0.000212	0.999788	0.000212	0.988253	0.000298
1840	9123.2   	0.988970	0.000209	0.999783	0.000217	0.988755	0.000299
1841	3426.1   	0.991341	0.000212	0.999918	0.000082	0.991260	0.000227
1842	3444.7   	0.990690	0.000214	0.999918	0.000082	0.990608	0.000229
1844	6589.9   	0.991531	0.000228	0.999843	0.000157	0.991376	0.000276
1845	7122.8   	0.990558	0.000230	0.999830	0.000170	0.990390	0.000284
1846	9133.4   	0.988389	0.000206	0.999783	0.000217	0.988174	0.000298
1847	5961.2   	0.991614	0.000249	0.999858	0.000142	0.991473	0.000286
1848	4428.5   	0.984693	0.000201	0.999895	0.000105	0.984589	0.000227
1849	19138.1   	0.920737	0.000209	0.999545	0.000455	0.920318	0.000469
1850	20596.3   	0.919501	0.000171	0.999510	0.000490	0.919051	0.000482
1851	9488.5   	0.977712	0.000199	0.999774	0.000226	0.977491	0.000297
1852	8903.9   	0.979038	0.000215	0.999788	0.000212	0.978830	0.000299
1853	3984.0   	0.986447	0.000201	0.999905	0.000095	0.986354	0.000222
1854	16026.3   	0.932500	0.000243	0.999619	0.000381	0.932144	0.000431
1855	17603.5   	0.930645	0.000242	0.999581	0.000419	0.930255	0.000459
1856	23697.8   	0.906320	0.000197	0.999436	0.000564	0.905809	0.000548
1857	4377.4   	0.984878	0.000215	0.999896	0.000104	0.984775	0.000238
1858	10828.4   	0.974450	0.000211	0.999742	0.000258	0.974199	0.000328
1859	11212.0   	0.974110	0.000212	0.999733	0.000267	0.973850	0.000335
1860	11159.8   	0.974309	0.000172	0.999734	0.000266	0.974050	0.000310
1861	9387.6   	0.961867	0.000242	0.999777	0.000223	0.961652	0.000324
2073	118488.0   	0.930519	0.000637	0.997180	0.002820	0.927895	0.002700
2074	103514.0   	0.938912	0.000507	0.997536	0.002464	0.936599	0.002368
2075	88357.2   	0.960131	0.000474	0.997897	0.002103	0.958112	0.002074
2076	79911.1   	0.964389	0.000392	0.998098	0.001902	0.962555	0.001875
2078	12078.7   	0.993419	0.000309	0.999713	0.000287	0.993133	0.000421
2080	12141.1   	0.993687	0.000269	0.999711	0.000289	0.993400	0.000393
2081	23611.1   	0.988747	0.000336	0.999438	0.000562	0.988191	0.000649
2082	40889.8   	0.980817	0.000780	0.999027	0.000973	0.979863	0.001232
2083	41660.8   	0.980686	0.000435	0.999008	0.000992	0.979713	0.001065
2084	51418.4   	0.975804	0.000473	0.998776	0.001224	0.974610	0.001284
2085	62271.2   	0.971742	0.000481	0.998518	0.001482	0.970302	0.001518
2087	77962.7   	0.950556	0.000583	0.998145	0.001855	0.948793	0.001857
2088	63966.1   	0.960066	0.000508	0.998478	0.001522	0.958605	0.001547
2089	52671.5   	0.967302	0.000471	0.998746	0.001254	0.966090	0.001301
2090	31306.1   	0.980178	0.000416	0.999255	0.000745	0.979448	0.000840
2091	16430.5   	0.988955	0.000329	0.999609	0.000391	0.988569	0.000508
2093	25413.4   	0.982099	0.000505	0.999395	0.000605	0.981505	0.000779
2094	23269.2   	0.984954	0.000439	0.999446	0.000554	0.984408	0.000700
2095	16424.2   	0.988706	0.000287	0.999609	0.000391	0.988320	0.000481
2096	15305.9   	0.991070	0.000451	0.999636	0.000364	0.990709	0.000578
2484	280394.0   	0.755722	0.000181	0.989597	0.010403	0.747860	0.007864
2485	257340.0   	0.766261	0.000211	0.990453	0.009547	0.758945	0.007319
2486	274121.0   	0.755366	0.000364	0.989830	0.010170	0.747684	0.007690
2487	274615.0   	0.756257	0.000223	0.989812	0.010188	0.748552	0.007708
2488	267839.0   	0.759940	0.000202	0.990063	0.009937	0.752389	0.007554
2489	73488.2   	0.915682	0.000219	0.997274	0.002726	0.913186	0.002506
2490	381416.0   	0.871206	0.000503	0.985849	0.014151	0.858878	0.012338
2491	372306.0   	0.874630	0.000277	0.986187	0.013813	0.862549	0.012084
2492	366315.0   	0.876754	0.000272	0.986410	0.013590	0.864839	0.011918
2493	378536.0   	0.874421	0.000265	0.985956	0.014044	0.862141	0.012283
2494	384101.0   	0.872178	0.001355	0.985750	0.014250	0.859749	0.012500
2495	93831.0   	0.872781	0.000268	0.996519	0.003481	0.869743	0.003050
2496	92231.8   	0.873820	0.000262	0.996578	0.003422	0.870830	0.003001
2497	80544.9   	0.872667	0.000304	0.997012	0.002988	0.870059	0.002625
2498	85858.3   	0.868243	0.000247	0.996815	0.003185	0.865477	0.002777
2502	179023.0   	0.765014	0.000411	0.993358	0.006642	0.759933	0.005097
2503	152829.0   	0.789600	0.000438	0.994330	0.005670	0.785123	0.004498
2504	133896.0   	0.805012	0.000230	0.995032	0.004968	0.801013	0.004005
2505	153511.0   	0.795637	0.000398	0.994305	0.005695	0.791106	0.004549
2507	69306.1   	0.900486	0.000345	0.997429	0.002571	0.898171	0.002341
2508	66907.0   	0.901267	0.000175	0.997518	0.002482	0.899030	0.002244
2509	86688.4   	0.784324	0.000235	0.996784	0.003216	0.781802	0.002533
2510	87926.9   	0.783887	0.000428	0.996738	0.003262	0.781330	0.002592
2511	202735.0   	0.853970	0.000396	0.992479	0.007521	0.847547	0.006435
2512	182290.0   	0.867265	0.000570	0.993237	0.006763	0.861400	0.005893
2513	91845.2   	0.762942	0.000326	0.996593	0.003407	0.760343	0.002620
2514	100997.0   	0.751607	0.000332	0.996253	0.003747	0.748790	0.002836
2515	80576.4   	0.786319	0.000328	0.997011	0.002989	0.783969	0.002373
2516	93191.3   	0.772636	0.000336	0.996543	0.003457	0.769964	0.002692
2517	68612.1   	0.847310	0.000407	0.997454	0.002546	0.845153	0.002195
2518	266426.0   	0.994149	0.000569	0.990116	0.009884	0.984323	0.009843
2519	320203.0   	0.994288	0.000579	0.988120	0.011880	0.982476	0.011826
2520	306500.0   	0.994578	0.000887	0.988629	0.011371	0.983268	0.011343
2521	216554.0   	0.914176	0.000495	0.991966	0.008034	0.906832	0.007361
2522	223534.0   	0.917144	0.000439	0.991707	0.008293	0.909538	0.007618
2523	212189.0   	0.921830	0.000868	0.992128	0.007872	0.914573	0.007308
2524	234663.0   	0.932918	0.000682	0.991294	0.008706	0.924796	0.008150
2525	234532.0   	0.932590	0.000639	0.991299	0.008701	0.924475	0.008139
2526	238864.0   	0.931063	0.000983	0.991138	0.008862	0.922812	0.008308
2527	342913.0   	0.685578	0.000417	0.987278	0.012722	0.676856	0.008732
2528	351703.0   	0.681716	0.000387	0.986952	0.013048	0.672821	0.008903
2529	323649.0   	0.998854	0.000754	0.987993	0.012007	0.986861	0.012017
2530	75054.3   	0.948233	0.001240	0.997216	0.002784	0.945593	0.002915
2531	81197.2   	0.943159	0.003068	0.996988	0.003012	0.940317	0.004175
2532	103413.0   	0.884195	0.000658	0.996163	0.003837	0.880803	0.003455
2533	102405.0   	0.885306	0.000546	0.996201	0.003799	0.881943	0.003407
2534	107032.0   	0.881729	0.000531	0.996029	0.003971	0.878228	0.003541
2535	99753.2   	0.886073	0.000799	0.996299	0.003701	0.882793	0.003374
2536	109699.0   	0.864741	0.000649	0.995930	0.004070	0.861221	0.003578
2537	98634.4   	0.872380	0.001079	0.996341	0.003659	0.869188	0.003368
2538	111389.0   	0.865631	0.000422	0.995867	0.004133	0.862054	0.003602
2540	117979.0   	0.850324	0.000419	0.995623	0.004377	0.846602	0.003745
2541	102306.0   	0.876148	0.000465	0.996204	0.003796	0.872822	0.003358
2542	240091.0   	0.628868	0.000499	0.991093	0.008907	0.623266	0.005623
2543	209159.0   	0.660308	0.001114	0.992240	0.007760	0.655184	0.005242
2544	248438.0   	0.618768	0.000304	0.990783	0.009217	0.613064	0.005711
2545	245677.0   	0.622506	0.000428	0.990885	0.009115	0.616832	0.005690
2547	123951.0   	0.987415	0.000632	0.995401	0.004599	0.982874	0.004584
2548	106967.0   	0.990299	0.000605	0.996032	0.003968	0.986369	0.003976
2549	595002.0   	0.987177	0.000561	0.977925	0.022075	0.965386	0.021798
2550	539789.0   	0.991970	0.000780	0.979974	0.020026	0.972105	0.019880
2551	310675.0   	0.999985	0.001363	0.988474	0.011526	0.988459	0.011604
2552	312237.0   	0.997779	0.000567	0.988416	0.011584	0.986220	0.011572
2553	92561.3   	0.955346	0.001160	0.996566	0.003434	0.952065	0.003478
2554	84449.6   	0.957782	0.000911	0.996867	0.003133	0.954782	0.003135
2555	306529.0   	0.999674	0.000685	0.988628	0.011372	0.988306	0.011389
2556	323576.0   	0.999703	0.000675	0.987995	0.012005	0.987702	0.012020
2557	329927.0   	0.999752	0.000863	0.987760	0.012240	0.987515	0.012267
2558	134495.0   	0.983209	0.000622	0.995010	0.004990	0.978303	0.004945
2559	128833.0   	0.984164	0.000693	0.995220	0.004780	0.979460	0.004754
2560	129887.0   	0.983643	0.000927	0.995181	0.004819	0.978903	0.004829
2561	116088.0   	0.989228	0.000641	0.995693	0.004307	0.984968	0.004308
2562	106943.0   	0.989743	0.000727	0.996032	0.003968	0.985816	0.003993
2563	120795.0   	0.988883	0.000907	0.995519	0.004481	0.984451	0.004523
2564	78021.8   	0.966556	0.000226	0.997105	0.002895	0.963758	0.002807
2565	77313.1   	0.966690	0.000196	0.997132	0.002868	0.963918	0.002780
2566	102506.0   	0.931027	0.000446	0.996197	0.003803	0.927486	0.003568
2567	24374.8   	0.984364	0.000322	0.999096	0.000904	0.983474	0.000947
2568	23448.9   	0.983890	0.000282	0.999130	0.000870	0.983034	0.000901
2570	73828.1   	0.964566	0.000259	0.997261	0.002739	0.961924	0.002655
2571	84029.8   	0.962307	0.000235	0.996882	0.003118	0.959307	0.003009
2575	82730.7   	0.964922	0.000213	0.996931	0.003069	0.961960	0.002969
2576	81018.8   	0.965313	0.000233	0.996994	0.003006	0.962412	0.002911
2577	119724.0   	0.922061	0.000214	0.995558	0.004442	0.917966	0.004101
2578	114318.0   	0.924638	0.000247	0.995759	0.004241	0.920717	0.003929
2579	109480.0   	0.926236	0.000252	0.995938	0.004062	0.922474	0.003770
2580	118350.0   	0.923001	0.000293	0.995609	0.004391	0.918949	0.004063
2581	24510.5   	0.984683	0.000239	0.999091	0.000909	0.983788	0.000927
2582	24551.0   	0.984927	0.000227	0.999089	0.000911	0.984030	0.000925
2583	84962.6   	0.965514	0.000445	0.996848	0.003152	0.962470	0.003076
2584	91586.5   	0.962684	0.000242	0.996602	0.003398	0.959413	0.003280
2585	80902.5   	0.966884	0.000220	0.996998	0.003002	0.963982	0.002910
2586	79195.6   	0.967426	0.000224	0.997062	0.002938	0.964584	0.002851
2587	79799.2   	0.967146	0.000215	0.997039	0.002961	0.964283	0.002871
2588	79305.1   	0.967755	0.000248	0.997058	0.002942	0.964908	0.002858
2589	78954.3   	0.966888	0.000219	0.997071	0.002929	0.964056	0.002841
2590	109632.0   	0.928506	0.000221	0.995933	0.004067	0.924730	0.003783
2591	110567.0   	0.928610	0.000211	0.995898	0.004102	0.924801	0.003815
2592	106971.0   	0.930383	0.000210	0.996031	0.003969	0.926690	0.003698
2593	102298.0   	0.933355	0.000215	0.996205	0.003795	0.929813	0.003549
2594	97923.3   	0.934993	0.000373	0.996367	0.003633	0.931596	0.003417
2595	102947.0   	0.933225	0.000214	0.996181	0.003819	0.929661	0.003571
2596	24349.8   	0.984898	0.000233	0.999097	0.000903	0.984008	0.000920
2597	24436.4   	0.984632	0.000227	0.999093	0.000907	0.983739	0.000921
2598	24411.9   	0.984906	0.000227	0.999094	0.000906	0.984014	0.000920
2599	68792.0   	0.971812	0.000226	0.997448	0.002552	0.969332	0.002491
2600	66512.5   	0.971406	0.000261	0.997532	0.002468	0.969009	0.002411
2601	69316.8   	0.971016	0.000218	0.997428	0.002572	0.968519	0.002507
2602	69239.3   	0.971270	0.000237	0.997431	0.002569	0.968775	0.002506
2603	23938.3   	0.985152	0.000225	0.999112	0.000888	0.984277	0.000903
2604	106933.0   	0.929123	0.000215	0.996033	0.003967	0.925437	0.003692
2605	107542.0   	0.929397	0.000201	0.996010	0.003990	0.925689	0.003714
2606	109596.0   	0.928871	0.000209	0.995934	0.004066	0.925094	0.003782
2607	109936.0   	0.928831	0.000199	0.995921	0.004079	0.925043	0.003794
2608	77260.3   	0.967630	0.000219	0.997134	0.002866	0.964857	0.002782
2609	76363.6   	0.967722	0.000216	0.997167	0.002833	0.964980	0.002750
2610	76509.5   	0.967685	0.000228	0.997162	0.002838	0.964939	0.002756
2611	77042.2   	0.967244	0.000238	0.997142	0.002858	0.964479	0.002775
2612	73893.8   	0.968521	0.000231	0.997259	0.002741	0.965866	0.002665
2613	74337.0   	0.968428	0.000227	0.997242	0.002758	0.965757	0.002680
2614	73367.5   	0.969146	0.000227	0.997278	0.002722	0.966508	0.002648
2616	105725.0   	0.931996	0.000221	0.996078	0.003922	0.928340	0.003662
2617	107202.0   	0.930314	0.000256	0.996023	0.003977	0.926614	0.003709
2618	106201.0   	0.930311	0.000223	0.996060	0.003940	0.926645	0.003672
2619	105132.0   	0.930764	0.000241	0.996100	0.003900	0.927133	0.003638
2620	102081.0   	0.932472	0.000240	0.996213	0.003787	0.928940	0.003540
2621	85783.4   	0.941142	0.000246	0.996817	0.003183	0.938147	0.003005
2622	84839.9   	0.941965	0.000279	0.996852	0.003148	0.939000	0.002978
2623	96654.3   	0.936147	0.000340	0.996414	0.003586	0.932790	0.003374
2624	24150.1   	0.984740	0.000232	0.999104	0.000896	0.983858	0.000912
2625	22620.4   	0.985174	0.000261	0.999161	0.000839	0.984348	0.000867
2626	75189.1   	0.968803	0.000266	0.997211	0.002789	0.966100	0.002715
2627	74121.1   	0.968457	0.000243	0.997250	0.002750	0.965793	0.002674
2628	75139.7   	0.967908	0.000235	0.997212	0.002788	0.965209	0.002708
2629	72534.3   	0.968609	0.000242	0.997309	0.002691	0.966003	0.002618
2630	77639.9   	0.967613	0.000323	0.997120	0.002880	0.964826	0.002806
2631	77268.2   	0.967815	0.000210	0.997133	0.002867	0.965041	0.002782
2632	74835.7   	0.968074	0.000230	0.997224	0.002776	0.965386	0.002698
2633	77476.7   	0.967794	0.000248	0.997126	0.002874	0.965012	0.002793
2634	77162.0   	0.918664	0.000220	0.997137	0.002863	0.916034	0.002639
2635	82784.4   	0.916764	0.000547	0.996929	0.003071	0.913948	0.002868
2649	73304.3   	0.920170	0.000235	0.997280	0.002720	0.917668	0.002513
2650	25570.0   	0.956760	0.000300	0.999051	0.000949	0.955852	0.000956
2651	105177.0   	0.818077	0.000178	0.996098	0.003902	0.814885	0.003197
2652	105557.0   	0.819226	0.000188	0.996084	0.003916	0.816018	0.003214
2653	72073.2   	0.925031	0.000207	0.997326	0.002674	0.922558	0.002482
2654	72338.6   	0.925591	0.000201	0.997316	0.002684	0.923106	0.002492
2655	72779.6   	0.924114	0.000200	0.997300	0.002700	0.921618	0.002503
2656	72462.5   	0.925048	0.000201	0.997312	0.002688	0.922561	0.002495
2657	25486.6   	0.958092	0.000205	0.999054	0.000946	0.957186	0.000929
2658	103418.0   	0.821022	0.000183	0.996163	0.003837	0.817872	0.003155
2659	102866.0   	0.823024	0.000183	0.996184	0.003816	0.819883	0.003146
2660	104598.0   	0.818621	0.000487	0.996119	0.003881	0.815444	0.003214
2661	72079.3   	0.925509	0.000202	0.997326	0.002674	0.923034	0.002483
2662	72110.2   	0.925360	0.000210	0.997325	0.002675	0.922884	0.002484
2663	87297.3   	0.908563	0.000222	0.996761	0.003239	0.905621	0.002951
2664	87697.2   	0.910314	0.000212	0.996746	0.003254	0.907352	0.002969
2665	83551.6   	0.912130	0.000269	0.996900	0.003100	0.909303	0.002840
2666	89772.9   	0.909945	0.000200	0.996669	0.003331	0.906915	0.003037
2667	90419.4   	0.910688	0.000346	0.996645	0.003355	0.907633	0.003074
2668	86174.1   	0.910143	0.000168	0.996803	0.003197	0.907233	0.002915
2669	90956.5   	0.907803	0.000195	0.996626	0.003374	0.904739	0.003070
2670	89758.0   	0.909720	0.000206	0.996670	0.003330	0.906691	0.003036
2671	25643.2   	0.957889	0.000213	0.999049	0.000951	0.956977	0.000936
2672	130318.0   	0.786453	0.000172	0.995165	0.004835	0.782650	0.003806
2673	128689.0   	0.787290	0.000178	0.995226	0.004774	0.783531	0.003763
2674	99837.8   	0.893951	0.000414	0.996296	0.003704	0.890640	0.003337
2675	98294.4   	0.898191	0.000163	0.996353	0.003647	0.894915	0.003279
2676	26136.3   	0.957718	0.000225	0.999030	0.000970	0.956789	0.000956
2677	125185.0   	0.789978	0.000187	0.995356	0.004644	0.786309	0.003674
2678	114813.0   	0.800034	0.000203	0.995740	0.004260	0.796626	0.003414
2679	77488.4   	0.915511	0.000242	0.997125	0.002875	0.912880	0.002643
2680	87687.7   	0.910011	0.000227	0.996747	0.003253	0.907050	0.002969
2681	25803.1   	0.958213	0.000210	0.999043	0.000957	0.957296	0.000941
2682	130796.0   	0.784554	0.000197	0.995147	0.004853	0.780747	0.003812
2683	126843.0   	0.788316	0.000176	0.995294	0.004706	0.784606	0.003714
2684	125055.0   	0.789975	0.000202	0.995360	0.004640	0.786310	0.003671
2685	128794.0   	0.786747	0.000208	0.995222	0.004778	0.782987	0.003765
2686	127615.0   	0.787778	0.000189	0.995265	0.004735	0.784048	0.003734
2687	25809.6   	0.957554	0.000230	0.999042	0.000958	0.956637	0.000945
2688	25966.5   	0.957729	0.000210	0.999037	0.000963	0.956806	0.000946
2689	29470.5   	0.886875	0.000199	0.998907	0.001093	0.885905	0.000990
2690	101439.0   	0.742995	0.000202	0.996237	0.003763	0.740199	0.002803
2691	107719.0   	0.734016	0.000201	0.996004	0.003996	0.731082	0.002940
2692	104749.0   	0.951892	0.000412	0.996114	0.003886	0.948193	0.003722
2693	109831.0   	0.949635	0.000504	0.995925	0.004075	0.945766	0.003902
2694	107428.0   	0.950383	0.000394	0.996014	0.003986	0.946596	0.003808
2695	105954.0   	0.951855	0.000393	0.996069	0.003931	0.948113	0.003762
2700	177580.0   	0.999950	0.000646	0.993412	0.006588	0.993362	0.006619
2701	165636.0   	0.999967	0.000852	0.993855	0.006145	0.993822	0.006203
2702	159771.0   	0.994520	0.000497	0.994072	0.005928	0.988625	0.005916
2703	163637.0   	0.995247	0.000643	0.993929	0.006071	0.989205	0.006076
2704	159468.0   	0.920058	0.000529	0.994084	0.005916	0.914614	0.005469
2705	161346.0   	0.917341	0.000382	0.994014	0.005986	0.911850	0.005504
2706	171504.0   	0.917391	0.000294	0.993637	0.006363	0.911554	0.005844
2707	174653.0   	0.904433	0.000324	0.993520	0.006480	0.898573	0.005869
2708	164685.0   	0.917089	0.000524	0.993890	0.006110	0.911486	0.005627
2710	30589.3   	0.886547	0.000431	0.998865	0.001135	0.885541	0.001094
2712	121683.0   	0.839331	0.000440	0.995486	0.004514	0.835542	0.003814
2713	123403.0   	0.836433	0.000872	0.995422	0.004578	0.832604	0.003927
2714	125611.0   	0.828989	0.000255	0.995340	0.004660	0.825125	0.003872
2715	129442.0   	0.824435	0.000238	0.995198	0.004802	0.820476	0.003966
2716	136366.0   	0.813392	0.000217	0.994941	0.005059	0.809277	0.004121
2718	69704.4   	0.881848	0.000290	0.997414	0.002586	0.879567	0.002299
2720	260217.0   	0.996006	0.000434	0.990346	0.009654	0.986390	0.009625
2721	267725.0   	0.994999	0.000837	0.990067	0.009933	0.985116	0.009918
2722	262571.0   	0.995999	0.000436	0.990259	0.009741	0.986296	0.009712
2723	249245.0   	0.995913	0.000432	0.990753	0.009247	0.986703	0.009219
2724	246611.0   	0.997248	0.000404	0.990851	0.009149	0.988124	0.009133
2725	38383.9   	0.781001	0.000161	0.998576	0.001424	0.779889	0.001124
2726	97925.2   	0.959023	0.000241	0.996367	0.003633	0.955539	0.003492
2727	100563.0   	0.959023	0.000219	0.996269	0.003731	0.955445	0.003585
2729	100399.0   	0.959102	0.000215	0.996275	0.003725	0.955529	0.003579
2730	97526.4   	0.959909	0.000242	0.996382	0.003618	0.956436	0.003482
2731	32249.3   	0.982698	0.000282	0.998804	0.001196	0.981523	0.001209
2732	136746.0   	0.916338	0.000255	0.994927	0.005073	0.911689	0.004656
2734	180155.0   	0.894576	0.000731	0.993316	0.006684	0.888597	0.006023
2735	183976.0   	0.891681	0.000217	0.993174	0.006826	0.885595	0.006090
2736	179590.0   	0.885396	0.000258	0.993337	0.006663	0.879497	0.005905
2737	118577.0   	0.947624	0.000239	0.995601	0.004399	0.943455	0.004176
2738	134767.0   	0.945858	0.000210	0.995000	0.005000	0.941129	0.004734
2739	130636.0   	0.946641	0.000233	0.995153	0.004847	0.942053	0.004594
2740	112600.0   	0.951392	0.000239	0.995823	0.004177	0.947418	0.003982
2741	110678.0   	0.952448	0.000252	0.995894	0.004106	0.948537	0.003919
2742	35096.8   	0.982242	0.000223	0.998698	0.001302	0.980963	0.001298
2743	197344.0   	0.882438	0.000380	0.992679	0.007321	0.875977	0.006472
2744	171048.0   	0.899092	0.000193	0.993654	0.006346	0.893386	0.005709
2745	158069.0   	0.903896	0.000194	0.994136	0.005864	0.898595	0.005304
2746	30834.7   	0.984087	0.000222	0.998856	0.001144	0.982961	0.001147
2747	116682.0   	0.955006	0.000205	0.995671	0.004329	0.950872	0.004139
2748	111942.0   	0.955241	0.000217	0.995847	0.004153	0.951274	0.003973
2749	153114.0   	0.908661	0.000234	0.994319	0.005681	0.903499	0.005167
2750	213720.0   	0.877562	0.000203	0.992071	0.007929	0.870604	0.006961
2751	150551.0   	0.939676	0.000238	0.994415	0.005585	0.934428	0.005254
2752	122643.0   	0.948212	0.000374	0.995450	0.004550	0.943898	0.004330
2753	150367.0   	0.941953	0.000208	0.994421	0.005579	0.936698	0.005259
2754	151495.0   	0.941846	0.000210	0.994380	0.005620	0.936553	0.005298
2755	34772.7   	0.982008	0.000231	0.998710	0.001290	0.980742	0.001288
2756	35177.8   	0.981842	0.000232	0.998695	0.001305	0.980561	0.001302
2758	111833.0   	0.910733	0.000220	0.995851	0.004149	0.906954	0.003785
2759	119962.0   	0.908563	0.000213	0.995549	0.004451	0.904519	0.004049
2760	156316.0   	0.883862	0.000192	0.994201	0.005799	0.878736	0.005129
2761	98839.4   	0.912063	0.000239	0.996333	0.003667	0.908719	0.003353
2762	35830.3   	0.959378	0.000209	0.998671	0.001329	0.958103	0.001292
2763	150282.0   	0.815271	0.000202	0.994425	0.005575	0.810726	0.004550
2764	162383.0   	0.811975	0.000165	0.993976	0.006024	0.807083	0.004894
2765	129731.0   	0.902897	0.000197	0.995187	0.004813	0.898552	0.004350
2766	121538.0   	0.906855	0.000214	0.995491	0.004509	0.902766	0.004095
2767	31632.3   	0.963961	0.000210	0.998826	0.001174	0.962829	0.001151
2768	126573.0   	0.841127	0.000239	0.995304	0.004696	0.837178	0.003957
2769	137758.0   	0.837583	0.000237	0.994889	0.005111	0.833302	0.004287
2770	187233.0   	0.786962	0.000187	0.993054	0.006946	0.781496	0.005470
2771	35143.2   	0.959838	0.000225	0.998696	0.001304	0.958586	0.001271
2772	149882.0   	0.889543	0.000205	0.994439	0.005561	0.884596	0.004951
2773	154331.0   	0.887613	0.000207	0.994274	0.005726	0.882530	0.005086
2774	152919.0   	0.888572	0.000168	0.994327	0.005673	0.883531	0.005044
2776	209308.0   	0.767052	0.000182	0.992235	0.007765	0.761095	0.005959
2777	211009.0   	0.764548	0.000188	0.992172	0.007828	0.758563	0.005988
2778	176841.0   	0.790650	0.000245	0.993439	0.006561	0.785462	0.005193
2779	151157.0   	0.821386	0.000208	0.994392	0.005608	0.816780	0.004611
2780	35322.8   	0.959512	0.000212	0.998690	0.001310	0.958255	0.001275
2781	105847.0   	0.919875	0.000471	0.996073	0.003927	0.916263	0.003643
2782	92802.4   	0.927763	0.000227	0.996557	0.003443	0.924569	0.003202
2784	115820.0   	0.789567	0.000258	0.995703	0.004297	0.786175	0.003402
2785	95647.8   	0.816723	0.000290	0.996451	0.003549	0.813824	0.002913
2786	111410.0   	0.790781	0.000461	0.995867	0.004133	0.787512	0.003301
2787	119965.0   	0.782837	0.000204	0.995549	0.004451	0.779353	0.003490
2788	116168.0   	0.786903	0.000213	0.995690	0.004310	0.783512	0.003398
2791	37508.1   	0.896117	0.000253	0.998608	0.001392	0.894870	0.001272
2792	156960.0   	0.602871	0.000189	0.994177	0.005823	0.599361	0.003516
2793	174095.0   	0.846083	0.000335	0.993541	0.006459	0.840619	0.005475
2794	199873.0   	0.824463	0.000490	0.992585	0.007415	0.818349	0.006133
2795	224571.0   	0.921807	0.000580	0.991668	0.008332	0.914126	0.007702
2796	267546.0   	0.899502	0.000550	0.990074	0.009926	0.890573	0.008945
2798	275335.0   	0.896008	0.000795	0.989785	0.010215	0.886855	0.009186
2799	265625.0   	0.898793	0.000706	0.990145	0.009855	0.889936	0.008885
2802	320178.0   	0.990718	0.000764	0.988121	0.011879	0.978950	0.011793
2807	318496.0   	0.991686	0.001069	0.988184	0.011816	0.979968	0.011765
2838	165646.0   	0.940757	0.001287	0.993855	0.006145	0.934976	0.005921
2839	177207.0   	0.938448	0.000501	0.993426	0.006574	0.932278	0.006190
2840	162284.0   	0.941614	0.000566	0.993979	0.006021	0.935945	0.005697
2841	158685.0   	0.942518	0.000935	0.994113	0.005887	0.936969	0.005626
2842	126507.0   	0.964949	0.000854	0.995307	0.004693	0.960420	0.004608
2843	126732.0   	0.971198	0.001148	0.995298	0.004702	0.966632	0.004707
2844	111768.0   	0.976177	0.000742	0.995853	0.004147	0.972130	0.004115
2845	115959.0   	0.977555	0.000812	0.995698	0.004302	0.973350	0.004283
2846	46433.8   	0.996867	0.000768	0.998277	0.001723	0.995150	0.001881
2848	266602.0   	0.919282	0.000585	0.990109	0.009891	0.910190	0.009111
2849	282612.0   	0.897759	0.000575	0.989515	0.010485	0.888346	0.009430
2850	275737.0   	0.888482	0.000553	0.989770	0.010230	0.879393	0.009105
2851	308620.0   	0.851976	0.000548	0.988550	0.011450	0.842221	0.009770
2852	298431.0   	0.874540	0.000558	0.988928	0.011072	0.864858	0.009698
2853	307168.0   	0.850702	0.000546	0.988604	0.011396	0.841007	0.009710
2854	279151.0   	0.868330	0.000487	0.989644	0.010356	0.859337	0.009006
2855	41265.7   	0.992289	0.005554	0.998469	0.001531	0.990770	0.005750
2856	81335.3   	0.878339	0.000426	0.996982	0.003018	0.875689	0.002684
2857	307295.0   	0.994646	0.000548	0.988599	0.011401	0.983306	0.011353
2858	275968.0   	0.996219	0.000547	0.989762	0.010238	0.986020	0.010214
2889	281396.0   	0.814464	0.000364	0.989560	0.010440	0.805961	0.008510
2890	291339.0   	0.811562	0.000246	0.989191	0.010809	0.802790	0.008775
2891	288164.0   	0.812319	0.000256	0.989309	0.010691	0.803634	0.008688
2892	289414.0   	0.812109	0.000247	0.989263	0.010737	0.803389	0.008723
2893	286691.0   	0.812099	0.000270	0.989364	0.010636	0.803461	0.008642
2894	253541.0   	0.822589	0.000310	0.990594	0.009406	0.814851	0.007744
2895	287706.0   	0.814216	0.000262	0.989326	0.010674	0.805525	0.008695
2896	258762.0   	0.827080	0.000331	0.990400	0.009600	0.819140	0.007947
2897	42814.4   	0.975808	0.000729	0.998412	0.001588	0.974258	0.001712
2898	44166.7   	0.974204	0.000246	0.998361	0.001639	0.972608	0.001615
2899	45117.8   	0.974019	0.000225	0.998326	0.001674	0.972388	0.001646
2900	45324.8   	0.974182	0.000373	0.998318	0.001682	0.972544	0.001680
2902	210025.0   	0.901756	0.000329	0.992208	0.007792	0.894729	0.007034
2903	207090.0   	0.902704	0.000313	0.992317	0.007683	0.895768	0.006942
2904	198410.0   	0.904843	0.000324	0.992639	0.007361	0.898183	0.006668
2905	186060.0   	0.905394	0.000322	0.993097	0.006903	0.899144	0.006258
2906	199001.0   	0.904124	0.000319	0.992617	0.007383	0.897449	0.006683
2907	208845.0   	0.904098	0.000305	0.992252	0.007748	0.897093	0.007012
2908	197091.0   	0.906128	0.000319	0.992688	0.007312	0.899502	0.006633
2909	198800.0   	0.905269	0.000318	0.992625	0.007375	0.898592	0.006684
2910	200669.0   	0.907461	0.000302	0.992555	0.007445	0.900705	0.006763
2911	191471.0   	0.908655	0.000307	0.992896	0.007104	0.902200	0.006462
2912	156586.0   	0.919908	0.000300	0.994191	0.005809	0.914564	0.005352
2913	171796.0   	0.921992	0.000956	0.993626	0.006374	0.916116	0.005953
2914	185656.0   	0.843798	0.000501	0.993112	0.006888	0.837986	0.005833
2915	184172.0   	0.848585	0.000330	0.993167	0.006833	0.842787	0.005807
2916	162796.0   	0.861160	0.000325	0.993960	0.006040	0.855959	0.005211
2917	170713.0   	0.858653	0.000306	0.993667	0.006333	0.853215	0.005447
2918	170476.0   	0.858763	0.000329	0.993675	0.006325	0.853331	0.005441
2919	171534.0   	0.858279	0.000397	0.993636	0.006364	0.852817	0.005476
2920	170745.0   	0.858110	0.000378	0.993665	0.006335	0.852674	0.005449
2921	170241.0   	0.858314	0.000437	0.993684	0.006316	0.852893	0.005438
2922	170135.0   	0.859798	0.000337	0.993688	0.006312	0.854371	0.005437
2923	161951.0   	0.862934	0.000314	0.993992	0.006008	0.857749	0.005194
2925	156357.0   	0.863582	0.000382	0.994199	0.005801	0.858573	0.005024
2926	216068.0   	0.822628	0.000238	0.991984	0.008016	0.816034	0.006599
2927	226499.0   	0.811566	0.000967	0.991597	0.008403	0.804747	0.006887
2929	334503.0   	0.894506	0.000647	0.987590	0.012410	0.883405	0.011119
2932	277040.0   	0.923136	0.000728	0.989722	0.010278	0.913647	0.009515
2933	286946.0   	0.920463	0.000649	0.989354	0.010646	0.910664	0.009820
2934	298927.0   	0.917840	0.000672	0.988910	0.011090	0.907661	0.010201
2935	295822.0   	0.918230	0.000661	0.989025	0.010975	0.908152	0.010099
2936	288677.0   	0.917418	0.000585	0.989290	0.010710	0.907592	0.009843
2937	267588.0   	0.919818	0.000702	0.990072	0.009928	0.910687	0.009158
2938	200085.0   	0.948908	0.000866	0.992577	0.007423	0.941864	0.007096
2941	231556.0   	0.723154	0.000346	0.991409	0.008591	0.716942	0.006222
2942	264599.0   	0.926573	0.000581	0.990183	0.009817	0.917477	0.009114
2943	298244.0   	0.917245	0.000568	0.988935	0.011065	0.907096	0.010165
2944	278784.0   	0.925267	0.000594	0.989657	0.010343	0.915697	0.009588
2952	262574.0   	0.927890	0.000678	0.990259	0.009741	0.918851	0.009064
2953	263129.0   	0.927834	0.000606	0.990238	0.009762	0.918777	0.009078
2954	269432.0   	0.926600	0.000576	0.990004	0.009996	0.917337	0.009280
2955	270917.0   	0.926678	0.001191	0.989949	0.010051	0.917364	0.009388
2956	299341.0   	0.912075	0.000589	0.988894	0.011106	0.901946	0.010146
2957	241605.0   	0.931741	0.001290	0.991036	0.008964	0.923389	0.008449
2958	225489.0   	0.944668	0.000635	0.991634	0.008366	0.936765	0.007928
2959	237341.0   	0.938377	0.000862	0.991195	0.008805	0.930115	0.008307
2960	46133.1   	0.998515	0.004282	0.998288	0.001712	0.996806	0.004604
2961	44693.0   	0.943934	0.000432	0.998342	0.001658	0.942369	0.001623
2962	45696.7   	0.943383	0.000237	0.998305	0.001695	0.941783	0.001617
2963	46013.0   	0.943510	0.000353	0.998293	0.001707	0.941899	0.001649
2964	46009.0   	0.942632	0.000441	0.998293	0.001707	0.941023	0.001668
2965	288092.0   	0.978966	0.000760	0.989312	0.010688	0.968503	0.010490
2966	285563.0   	0.986390	0.000845	0.989406	0.010594	0.975940	0.010484
2967	302778.0   	0.983316	0.000812	0.988767	0.011233	0.972270	0.011075
2968	316296.0   	0.980667	0.000903	0.988265	0.011735	0.969159	0.011542
2969	298972.0   	0.982489	0.001059	0.988908	0.011092	0.971592	0.010948
2970	317445.0   	0.978975	0.000817	0.988223	0.011777	0.967445	0.011558
2971	323952.0   	0.976581	0.000816	0.987981	0.012019	0.964844	0.011765
2972	336892.0   	0.974271	0.000823	0.987501	0.012499	0.962094	0.012204
2973	260397.0   	0.984773	0.001139	0.990339	0.009661	0.975259	0.009580
2975	47863.4   	0.859714	0.000602	0.998224	0.001776	0.858187	0.001641
2976	49812.7   	0.857687	0.000293	0.998152	0.001848	0.856102	0.001612
2978	221361.0   	0.894880	0.000597	0.991787	0.008213	0.887531	0.007373
2979	217102.0   	0.896225	0.000598	0.991946	0.008054	0.889006	0.007243
2980	224858.0   	0.894109	0.000610	0.991658	0.008342	0.886650	0.007483
2981	219756.0   	0.894526	0.000546	0.991847	0.008153	0.887233	0.007313
2982	197948.0   	0.901552	0.001564	0.992656	0.007344	0.894931	0.006800
2983	92530.0   	0.722785	0.000630	0.996567	0.003433	0.720304	0.002559
2985	83898.9   	0.737409	0.000305	0.996887	0.003113	0.735114	0.002315
2986	86699.8   	0.733609	0.000408	0.996783	0.003217	0.731250	0.002395
2989	205135.0   	0.901111	0.000686	0.992390	0.007610	0.894253	0.006892
2990	213212.0   	0.897310	0.000610	0.992090	0.007910	0.890212	0.007124
2992	205998.0   	0.993164	0.000680	0.992357	0.007643	0.985574	0.007620
2993	202901.0   	0.994928	0.001182	0.992472	0.007528	0.987438	0.007581
2994	209069.0   	0.992814	0.000655	0.992244	0.007756	0.985114	0.007728
2995	197939.0   	0.992886	0.000758	0.992656	0.007344	0.985595	0.007330
2996	203672.0   	0.991855	0.000710	0.992444	0.007556	0.984361	0.007528
2997	52907.4   	0.743487	0.000296	0.998037	0.001963	0.742028	0.001489
2998	51036.4   	0.747333	0.000500	0.998107	0.001893	0.745918	0.001500
3000	348863.0   	0.999763	0.000929	0.987057	0.012943	0.986823	0.012972
3001	372896.0   	0.999735	0.000955	0.986166	0.013834	0.985905	0.013863
3002	362960.0   	0.990188	0.000781	0.986534	0.013466	0.976854	0.013356
3003	354831.0   	0.990615	0.000814	0.986836	0.013164	0.977574	0.013065
3004	377079.0   	0.990038	0.000766	0.986010	0.013990	0.976188	0.013871
3005	359448.0   	0.990460	0.000736	0.986664	0.013336	0.977252	0.013228
3006	336185.0   	0.989471	0.001672	0.987528	0.012472	0.977130	0.012451
3007	357497.0   	0.984879	0.000812	0.986737	0.013263	0.971816	0.013087
3008	74451.1   	0.863022	0.000955	0.997238	0.002762	0.860638	0.002567
3009	94106.0   	0.841550	0.000506	0.996509	0.003491	0.838612	0.002981
3010	333823.0   	0.740773	0.000317	0.987615	0.012385	0.731598	0.009180
3011	344068.0   	0.735286	0.000324	0.987235	0.012765	0.725900	0.009391
3012	315123.0   	0.746833	0.000348	0.988309	0.011691	0.738102	0.008738
3013	317639.0   	0.746103	0.000363	0.988216	0.011784	0.737310	0.008800
3014	327736.0   	0.742163	0.000350	0.987841	0.012159	0.733139	0.009031
3015	294749.0   	0.760014	0.000313	0.989065	0.010935	0.751703	0.008317
3016	299394.0   	0.758279	0.000338	0.988892	0.011108	0.749857	0.008429
3017	328755.0   	0.743375	0.000307	0.987803	0.012197	0.734308	0.009072
3018	348456.0   	0.734095	0.000319	0.987072	0.012928	0.724604	0.009495
3019	341547.0   	0.737280	0.000353	0.987329	0.012671	0.727937	0.009349
3020	348567.0   	0.732894	0.000340	0.987068	0.012932	0.723416	0.009484
3021	339972.0   	0.738551	0.000314	0.987387	0.012613	0.729236	0.009320
3022	57628.1   	0.959095	0.000297	0.997862	0.002138	0.957045	0.002072
3023	57172.4   	0.959820	0.000295	0.997879	0.002121	0.957784	0.002057
3024	57493.9   	0.959993	0.000286	0.997867	0.002133	0.957945	0.002068
3025	57950.1   	0.960091	0.000554	0.997850	0.002150	0.958026	0.002137
3026	204535.0   	0.873013	0.000264	0.992412	0.007588	0.866388	0.006630
3027	242652.0   	0.858332	0.000277	0.990998	0.009002	0.850605	0.007732
3028	255737.0   	0.853632	0.000198	0.990512	0.009488	0.845533	0.008102
3029	254047.0   	0.853705	0.000292	0.990575	0.009425	0.845658	0.008052
3030	247006.0   	0.855745	0.000278	0.990836	0.009164	0.847903	0.007847
3031	247474.0   	0.854819	0.000263	0.990819	0.009181	0.846971	0.007853
3032	258848.0   	0.853741	0.000254	0.990397	0.009603	0.845543	0.008203
3033	255613.0   	0.854443	0.000261	0.990517	0.009483	0.846340	0.008107
3034	254350.0   	0.853802	0.000413	0.990564	0.009436	0.845745	0.008067
3035	99617.6   	0.917018	0.000365	0.996304	0.003696	0.913629	0.003409
3036	97291.4   	0.917914	0.000337	0.996390	0.003610	0.914600	0.003330
3037	94433.7   	0.919400	0.001202	0.996496	0.003504	0.916179	0.003437
3038	257760.0   	0.751930	0.000295	0.990437	0.009563	0.744739	0.007197
3039	258152.0   	0.751935	0.000347	0.990423	0.009577	0.744734	0.007210
3040	261724.0   	0.751012	0.000348	0.990290	0.009710	0.743719	0.007300
3041	259532.0   	0.752346	0.000326	0.990371	0.009629	0.745102	0.007251
3042	257323.0   	0.752561	0.000410	0.990453	0.009547	0.745376	0.007196
3043	259760.0   	0.751302	0.000334	0.990363	0.009637	0.744061	0.007248
3044	259996.0   	0.751216	0.000440	0.990354	0.009646	0.743970	0.007259
3045	57495.7   	0.915643	0.000373	0.997867	0.002133	0.913690	0.001988
3046	57610.3   	0.916960	0.000371	0.997863	0.002137	0.915000	0.001994
3047	57654.7   	0.916197	0.000925	0.997861	0.002139	0.914237	0.002166
3050	342524.0   	0.854204	0.000550	0.987292	0.012708	0.843349	0.010868
3051	335213.0   	0.856508	0.000523	0.987564	0.012436	0.845856	0.010664
3052	346469.0   	0.853826	0.000509	0.987146	0.012854	0.842851	0.010987
3053	350875.0   	0.851659	0.000475	0.986983	0.013017	0.840572	0.011096
3054	350626.0   	0.852131	0.000526	0.986992	0.013008	0.841046	0.011097
3055	345111.0   	0.852067	0.000526	0.987196	0.012804	0.841158	0.010922
3056	353950.0   	0.851018	0.000524	0.986868	0.013132	0.839843	0.011187
3057	94407.4   	0.840789	0.000473	0.996498	0.003502	0.837845	0.002982
3058	77579.5   	0.867227	0.000256	0.997122	0.002878	0.864731	0.002509
3059	77752.1   	0.869963	0.000539	0.997115	0.002885	0.867453	0.002566
3061	332998.0   	0.987219	0.000848	0.987646	0.012354	0.975023	0.012225
3062	344071.0   	0.986026	0.000702	0.987235	0.012765	0.973439	0.012606
3063	330108.0   	0.987448	0.000689	0.987753	0.012247	0.975354	0.012112
3064	369974.0   	0.982493	0.000612	0.986274	0.013726	0.969008	0.013499
3065	58534.0   	0.854325	0.000322	0.997828	0.002172	0.852470	0.001883
3066	260575.0   	0.889052	0.000872	0.990333	0.009667	0.880457	0.008638
3067	250337.0   	0.887357	0.000540	0.990713	0.009287	0.879116	0.008259
3068	250748.0   	0.889793	0.000373	0.990697	0.009303	0.881516	0.008286
3070	73512.0   	0.743404	0.000420	0.997273	0.002727	0.741377	0.002070
3071	65803.2   	0.794394	0.000541	0.997559	0.002441	0.792454	0.002013
3072	236687.0   	0.902551	0.000612	0.991219	0.008781	0.894625	0.007949
3073	255515.0   	0.884963	0.000689	0.990520	0.009480	0.876574	0.008417
3074	230559.0   	0.895872	0.000613	0.991446	0.008554	0.888209	0.007687
3075	65895.8   	0.728433	0.000515	0.997555	0.002445	0.726652	0.001853
3076	220043.0   	0.995918	0.002120	0.991836	0.008164	0.987788	0.008398
3077	275018.0   	0.997863	0.001396	0.989797	0.010203	0.987682	0.010275
3078	362134.0   	0.994002	0.000753	0.986565	0.013435	0.980648	0.013375
3079	419922.0   	0.990691	0.000693	0.984421	0.015579	0.975257	0.015449
3080	402731.0   	0.990906	0.000772	0.985059	0.014941	0.976100	0.014825
3081	418579.0   	0.990720	0.000786	0.984471	0.015529	0.975335	0.015405
3083	115936.0   	0.953989	0.000843	0.995699	0.004301	0.949886	0.004188
3084	117915.0   	0.953399	0.000771	0.995625	0.004375	0.949229	0.004241
3102	0.0   	-nan	nan	1.000000	0.000000	-nan	nan
3103	267584.0   	0.783832	0.000630	0.990073	0.009927	0.776051	0.007806
3104	535699.0   	0.999265	0.000859	0.980126	0.019874	0.979405	0.019878
3105	268716.0   	0.998454	0.000851	0.990031	0.009969	0.988501	0.009990
3106	809974.0   	0.999577	0.000796	0.969950	0.030050	0.969539	0.030047
3107	0.0   	0.998444	0.000747	1.000000	0.000000	0.998444	0.000747
3108	267490.0   	0.999588	0.000881	0.990076	0.009924	0.989668	0.009958
3109	0.0   	-nan	nan	1.000000	0.000000	-nan	nan
3110	63002.9   	0.863870	0.000742	0.997663	0.002337	0.861851	0.002151
3111	125830.0   	0.996320	0.000963	0.995332	0.004668	0.991668	0.004749
3112	307491.0   	0.995292	0.001045	0.988592	0.011408	0.983938	0.011401
3113	609787.0   	0.989143	0.001067	0.977377	0.022623	0.966766	0.022402
3114	706424.0   	0.999526	0.000891	0.973792	0.026208	0.973330	0.026210
3115	0.0   	-nan	nan	1.000000	0.000000	-nan	nan
3116	666627.0   	0.976313	0.001019	0.975268	0.024732	0.952167	0.024167
3117	690139.0   	0.999673	0.001098	0.974396	0.025604	0.974077	0.025618
3118	794152.0   	0.999523	0.001168	0.970537	0.029463	0.970074	0.029471
3119	87861.5   	0.962231	0.001218	0.996740	0.003260	0.959095	0.003363
3120	319002.0   	0.992334	0.001415	0.988165	0.011835	0.980590	0.011827
3121	340070.0   	0.991847	0.001329	0.987383	0.012617	0.979333	0.012582
3122	256039.0   	0.845779	0.001885	0.990501	0.009499	0.837745	0.008248
3123	312651.0   	0.825217	0.000494	0.988401	0.011599	0.815645	0.009584
3124	422796.0   	0.692510	0.000311	0.984314	0.015686	0.681647	0.010867
3125	446015.0   	0.674579	0.001367	0.983453	0.016547	0.663417	0.011243
3126	257953.0   	0.780935	0.000300	0.990430	0.009570	0.773462	0.007480
3127	284474.0   	0.770513	0.000479	0.989446	0.010554	0.762381	0.008146
3128	248073.0   	0.774700	0.001756	0.990797	0.009203	0.767570	0.007339
3129	262569.0   	0.787455	0.000439	0.990259	0.009741	0.779784	0.007683
3130	277192.0   	0.777002	0.001237	0.989716	0.010284	0.769012	0.008084
3131	0.0   	0.999523	0.002222	1.000000	0.000000	0.999523	0.002222
3132	0.0   	0.908370	0.004076	1.000000	0.000000	0.908370	0.004076
3133	573033.0   	0.999526	0.001102	0.978740	0.021260	0.978276	0.021277
3134	321372.0   	1.000041	0.014212	0.988077	0.011923	0.988118	0.018422
3135	584119.0   	0.999342	0.000880	0.978329	0.021671	0.977686	0.021674
3136	598237.0   	0.999362	0.000734	0.977805	0.022195	0.977181	0.022192
3137	588748.0   	0.999169	0.001061	0.978157	0.021843	0.977345	0.021849
3138	563675.0   	0.999455	0.000941	0.979088	0.020912	0.978554	0.020921
3139	561458.0   	0.999112	0.000749	0.979170	0.020830	0.978301	0.020825
3140	512758.0   	0.999505	0.000845	0.980977	0.019023	0.980491	0.019032
3141	512091.0   	0.999508	0.000718	0.981001	0.018999	0.980519	0.019002
3142	670690.0   	0.999348	0.000872	0.975117	0.024883	0.974481	0.024881
3143	873748.0   	0.999360	0.000720	0.967584	0.032416	0.966964	0.032403
3144	386017.0   	0.999996	0.000919	0.985679	0.014321	0.985675	0.014350
3145	387395.0   	0.991555	0.000783	0.985628	0.014372	0.977304	0.014272
3146	408095.0   	0.999540	0.000763	0.984860	0.015140	0.984407	0.015152
3147	843173.0   	0.999556	0.000812	0.968718	0.031282	0.968289	0.031278
3148	645488.0   	0.999981	0.003874	0.976052	0.023948	0.976034	0.024244
3149	801049.0   	0.999532	0.000907	0.970281	0.029719	0.969827	0.029718
3150	739392.0   	0.999531	0.000833	0.972569	0.027431	0.972113	0.027431
3151	685228.0   	0.999525	0.000660	0.974578	0.025422	0.974115	0.025418
3152	751386.0   	0.999543	0.000598	0.972124	0.027876	0.971679	0.027870
3153	693642.0   	0.999559	0.000604	0.974266	0.025734	0.973836	0.025730
3154	384828.0   	0.991195	0.000793	0.985723	0.014277	0.977044	0.014173
3155	559578.0   	0.999453	0.000620	0.979240	0.020760	0.978704	0.020758
3156	595866.0   	0.999373	0.000554	0.977893	0.022107	0.977280	0.022099
3157	244735.0   	0.998463	0.003928	0.990920	0.009080	0.989397	0.009866
3158	665855.0   	0.999294	0.000617	0.975297	0.024703	0.974608	0.024693
3159	0.0   	0.999749	0.001576	1.000000	0.000000	0.999749	0.001576
3160	683313.0   	0.999382	0.001075	0.974649	0.025351	0.974047	0.025357
3161	727805.0   	0.999563	0.000708	0.972998	0.027002	0.972573	0.026999
3162	739899.0   	0.999546	0.000521	0.972550	0.027450	0.972108	0.027442
3163	644882.0   	0.999646	0.000922	0.976075	0.023925	0.975729	0.023934
3204	451173.0   	0.674940	0.000506	0.983261	0.016739	0.663642	0.011308
3205	395585.0   	0.703716	0.000425	0.985324	0.014676	0.693388	0.010336
3206	329653.0   	0.812711	0.000437	0.987770	0.012230	0.802771	0.009949
3207	295467.0   	0.830312	0.000366	0.989038	0.010962	0.821210	0.009109
3210	45284.8   	0.970074	0.000268	0.998320	0.001680	0.968444	0.001652
3211	88044.5   	0.942424	0.000344	0.996734	0.003266	0.939345	0.003097
3212	151209.0   	0.903675	0.000782	0.994390	0.005610	0.898605	0.005129
3213	154606.0   	0.904439	0.000430	0.994264	0.005736	0.899251	0.005205
3214	190445.0   	0.882710	0.000458	0.992934	0.007066	0.876473	0.006253
3215	230435.0   	0.861252	0.000464	0.991451	0.008549	0.853889	0.007377
3217	304226.0   	0.757668	0.000504	0.988713	0.011287	0.749116	0.008566
3218	245323.0   	0.793203	0.000459	0.990898	0.009102	0.785984	0.007234
3219	200800.0   	0.827086	0.000439	0.992550	0.007450	0.820924	0.006177
3220	118842.0   	0.891685	0.000404	0.995591	0.004409	0.887754	0.003952
3221	61704.3   	0.940073	0.000325	0.997711	0.002289	0.937921	0.002176
3223	91320.2   	0.916157	0.000505	0.996612	0.003388	0.913053	0.003144
3224	84645.7   	0.926492	0.000452	0.996860	0.003140	0.923583	0.002944
3225	58795.4   	0.947339	0.000292	0.997819	0.002181	0.945272	0.002087
3226	55617.0   	0.959098	0.000457	0.997937	0.002063	0.957119	0.002031
