3206	46260	41.4392	0.769875	1450.02	46260
3207	63961	55.2148	0.787508	1470.97	63961
3210	29982	21.3849	0.924447	1516.6	29982
3211	32204	23.875	0.89624	1505.02	32204
3212	9423	7.27559	0.857922	1509.64	9423
3213	31797	24.6546	0.862084	1496.02	31797
3214	30786	24.6947	0.836438	1490.44	30786
3215	33564	28.0632	0.816288	1465.19	33564
3204	34470	22.6105	0.637771	2390.38	34470
3205	47112	29.1974	0.664105	2429.69	47112
3217	29884	17.3587	0.713728	2412.07	29884
3218	32784	18.0261	0.746935	2434.87	32784
3219	35038	18.4792	0.78364	2419.58	35038
3220	32029	15.4773	0.848611	2438.59	32029
3221	30442	13.8183	0.894713	2462.26	30442
3223	15521	25.8891	0.869737	689.311	15521
3224	19770	32.8403	0.883539	681.356	19770
3225	35554	57.4485	0.901885	686.212	35554
3204	34696	22.6105	0.637771	2406.05	46433
3205	47350	29.1974	0.664105	2441.97	63700
3217	30104	17.3587	0.713728	2429.83	40529
3218	33027	18.0261	0.746935	2452.92	44470
3219	35285	18.4792	0.78364	2436.63	47668
3220	32253	15.4773	0.848611	2455.64	43384
3221	30676	13.8183	0.894713	2481.19	41437
3204	34696	22.6105	0.637771	2406.05	46433
3205	47350	29.1974	0.664105	2441.97	63700
3217	30104	17.3587	0.713728	2429.83	40529
3218	33027	18.0261	0.746935	2452.92	44470
3219	35285	18.4792	0.78364	2436.63	47668
3220	32253	15.4773	0.848611	2455.64	43384
3221	30676	13.8183	0.894713	2481.19	41437
3204	46433	22.6105	0.637771	3219.97	46433
3205	63700	29.1974	0.664105	3285.18	63700
3217	40529	17.3587	0.713728	3271.27	40529
3218	44470	18.0261	0.746935	3302.8	44470
3219	47668	18.4792	0.78364	3291.75	47668
3220	43384	15.4773	0.848611	3303.12	43384
3221	41437	13.8183	0.894713	3351.58	41437
3206	62586	41.4392	0.769875	1961.76	62586
3207	86498	55.2148	0.787508	1989.28	86498
3210	40409	21.3849	0.924447	2044.04	40409
3211	43487	23.875	0.89624	2032.32	43487
3212	12782	7.27559	0.857922	2047.78	12782
3213	43099	24.6546	0.862084	2027.78	43099
3214	41618	24.6947	0.836438	2014.85	41618
3215	45506	28.0632	0.816288	1986.5	45506
3204	46433	22.6105	0.639552	3211.01	46433
3205	63700	29.1974	0.665883	3276.41	63700
3217	40529	17.3587	0.715514	3263.1	40529
3218	44470	18.0261	0.749198	3292.82	44470
3219	47668	18.4792	0.785512	3283.91	47668
3220	43384	15.4773	0.85114	3293.31	43384
3221	41437	13.8183	0.897124	3342.57	41437
3206	62586	41.4392	0.771901	1956.61	62586
3207	86498	55.2148	0.789502	1984.26	86498
3210	40409	21.3849	0.926806	2038.83	40409
3211	43487	23.875	0.898676	2026.81	43487
3212	12782	7.27559	0.860649	2041.29	12782
3213	43099	24.6546	0.864398	2022.35	43099
3214	41618	24.6947	0.838886	2008.97	41618
3215	45506	28.0632	0.818196	1981.87	45506
3204	46433	22.6105	0.639552	3211.01	46433
3205	63700	29.1974	0.665883	3276.41	63700
3223	20988	25.8891	0.872733	928.909	20988
3224	27003	32.8403	0.885927	928.126	27003
3217	40529	17.3587	0.715514	3263.1	40529
3225	48547	57.4485	0.904521	934.254	48547
3218	44470	18.0261	0.749198	3292.82	44470
3219	47668	18.4792	0.785512	3283.91	47668
3220	43384	15.4773	0.85114	3293.31	43384
3221	41437	13.8183	0.897124	3342.57	41437
3226	15989	27.4414	0.91292	638.238	15989
3223	20988	25.8891	0.872733	928.909	20988
3224	27003	32.8403	0.885927	928.126	27003
3225	48547	57.4485	0.904521	934.254	48547
3206	62586	41.4392	0.771901	1956.61	62586
3207	86498	55.2148	0.789502	1984.26	86498
3210	40409	21.3849	0.926806	2038.83	40409
3211	43487	23.875	0.898676	2026.81	43487
3212	12782	7.27559	0.860649	2041.29	12782
3213	43099	24.6546	0.864398	2022.35	43099
3214	41618	24.6947	0.838886	2008.97	41618
3215	45506	28.0632	0.818196	1981.87	45506
3204	46433	22.6105	0.639552	3211.01	46433
3205	63700	29.1974	0.665883	3276.41	63700
3217	40529	17.3587	0.715514	3263.1	40529
3218	44470	18.0261	0.749198	3292.82	44470
3219	47668	18.4792	0.785512	3283.91	47668
3220	43384	15.4773	0.85114	3293.31	43384
3226	15989	27.4414	0.91292	638.238	15989
3221	41437	13.8183	0.897124	3342.57	41437
3206	62586	41.4392	0.771901	1956.61	62586
3207	86498	55.2148	0.789502	1984.26	86498
3210	40409	21.3849	0.926806	2038.83	40409
3211	43487	23.875	0.898676	2026.81	43487
3212	12782	7.27559	0.860649	2041.29	12782
3213	43099	24.6546	0.864398	2022.35	43099
3214	41618	24.6947	0.838886	2008.97	41618
3215	45506	28.0632	0.818196	1981.87	45506
3206	61513	41.4392	0.771901	1923.06	61513
3207	84917	55.2148	0.789502	1947.99	84917
3210	39693	21.3849	0.926806	2002.71	39693
3211	42721	23.875	0.898676	1991.11	42721
3212	12571	7.27559	0.860649	2007.59	12571
3213	42287	24.6546	0.864398	1984.25	42287
3214	40898	24.6947	0.838886	1974.22	40898
3226	15628	27.4414	0.91292	623.828	15628
3215	44713	28.0632	0.818196	1947.33	44713
3204	45528	22.6105	0.639552	3148.42	45528
3205	62435	29.1974	0.665883	3211.34	62435
3217	39706	17.3587	0.715514	3196.84	39706
3218	43616	18.0261	0.749198	3229.58	43616
3219	46703	18.4792	0.785512	3217.43	46703
3220	42513	15.4773	0.85114	3227.19	42513
3221	40634	13.8183	0.897124	3277.8	40634
3223	20459	25.8891	0.872733	905.496	20459
3224	26298	32.8403	0.885927	903.894	26298
3225	47283	57.4485	0.904521	909.929	47283
3206	61497	41.4392	0.771901	1922.56	61497
3226	15624	27.4414	0.91292	623.668	15624
3207	84903	55.2148	0.789502	1947.67	84903
3210	39684	21.3849	0.926806	2002.25	39684
3211	42712	23.875	0.898676	1990.69	42712
3212	12569	7.27559	0.860649	2007.27	12569
3213	42275	24.6546	0.864398	1983.68	42275
3214	40891	24.6947	0.838886	1973.88	40891
3204	45522	22.6105	0.639552	3148.01	45522
3215	44709	28.0632	0.818196	1947.16	44709
3223	20455	25.8891	0.872733	905.319	20455
3205	62420	29.1974	0.665883	3210.57	62420
3224	26295	32.8403	0.885927	903.791	26295
3217	39693	17.3587	0.715514	3195.79	39693
3225	47273	57.4485	0.904521	909.736	47273
3218	43600	18.0261	0.749198	3228.4	43600
3219	46679	18.4792	0.785512	3215.78	46679
3220	42507	15.4773	0.85114	3226.74	42507
3221	40622	13.8183	0.897124	3276.83	40622
3206	61497	41.4392	0.771901	1922.56	61497
3223	20455	25.8891	0.872733	905.319	20455
3204	45522	22.6105	0.639552	3148.01	45522
3224	26295	32.8403	0.885927	903.791	26295
3207	84903	55.2148	0.789502	1947.67	84903
3205	62420	29.1974	0.665883	3210.57	62420
3225	47273	57.4485	0.904521	909.736	47273
3210	39684	21.3849	0.926806	2002.25	39684
3226	15624	27.4414	0.91292	623.668	15624
3217	39693	17.3587	0.715514	3195.79	39693
3211	42712	23.875	0.898676	1990.69	42712
3212	12569	7.27559	0.860649	2007.27	12569
3213	42275	24.6546	0.864398	1983.68	42275
3218	43600	18.0261	0.749198	3228.4	43600
3214	40891	24.6947	0.838886	1973.88	40891
3219	46679	18.4792	0.785512	3215.78	46679
3215	44709	28.0632	0.818196	1947.16	44709
3220	42507	15.4773	0.85114	3226.74	42507
3221	40622	13.8183	0.897124	3276.83	40622
3206	57800	41.4392	0.771901	1806.98	57800
3204	42580	22.6105	0.639552	2944.56	42580
3226	14863	27.4414	0.91292	593.291	14863
3207	79987	55.2148	0.789502	1834.89	79987
3210	37918	21.3849	0.926806	1913.15	37918
3205	58434	29.1974	0.665883	3005.55	58434
3211	40692	23.875	0.898676	1896.55	40692
3212	11903	7.27559	0.860649	1900.91	11903
3217	37333	17.3587	0.715514	3005.78	37333
3213	40137	24.6546	0.864398	1883.36	40137
3214	38749	24.6947	0.838886	1870.48	38749
3218	41177	18.0261	0.749198	3048.98	41177
3215	42221	28.0632	0.818196	1838.8	42221
3219	44081	18.4792	0.785512	3036.8	44081
3220	40481	15.4773	0.85114	3072.94	40481
3221	38741	13.8183	0.897124	3125.1	38741
3223	19469	25.8891	0.872733	861.679	19469
3224	25006	32.8403	0.885927	859.487	25006
3225	45067	57.4485	0.904521	867.283	45067
3206	62586	41.4392	0.771901	1956.61	62586
3207	86498	55.2148	0.789502	1984.26	86498
3210	40409	21.3849	0.926806	2038.83	40409
3211	43487	23.875	0.898676	2026.81	43487
3212	12782	7.27559	0.860649	2041.29	12782
3213	43099	24.6546	0.864398	2022.35	43099
3214	41618	24.6947	0.838886	2008.97	41618
3215	45506	28.0632	0.818196	1981.87	45506
3204	46433	22.6105	0.639552	3211.01	46433
3205	63700	29.1974	0.665883	3276.41	63700
3217	40529	17.3587	0.715514	3263.1	40529
3218	44470	18.0261	0.749198	3292.82	44470
3219	47668	18.4792	0.785512	3283.91	47668
3220	43384	15.4773	0.85114	3293.31	43384
3221	41437	13.8183	0.897124	3342.57	41437
3223	20988	25.8891	0.872733	928.909	20988
3224	27003	32.8403	0.885927	928.126	27003
3225	48547	57.4485	0.904521	934.254	48547
3226	15989	27.4414	0.91292	638.238	15989
3206	62586	41.4392	0.771901	1956.61	62586
3207	86498	55.2148	0.789502	1984.26	86498
3210	40409	21.3849	0.926806	2038.83	40409
3211	43487	23.875	0.898676	2026.81	43487
3212	12782	7.27559	0.860649	2041.29	12782
3213	43099	24.6546	0.864398	2022.35	43099
3214	41618	24.6947	0.838886	2008.97	41618
3215	45506	28.0632	0.818196	1981.87	45506
3204	46433	22.6105	0.639552	3211.01	46433
3205	63700	29.1974	0.665883	3276.41	63700
3217	40529	17.3587	0.715514	3263.1	40529
3218	44470	18.0261	0.749198	3292.82	44470
3219	47668	18.4792	0.785512	3283.91	47668
3220	43384	15.4773	0.85114	3293.31	43384
3221	41437	13.8183	0.897124	3342.57	41437
3223	20988	25.8891	0.872733	928.909	20988
3224	27003	32.8403	0.885927	928.126	27003
3225	48547	57.4485	0.904521	934.254	48547
3226	15989	27.4414	0.91292	638.238	15989
3206	62026	41.4392	0.771901	1939.1	62026
3207	85691	55.2148	0.789502	1965.74	85691
3210	40064	21.3849	0.926806	2021.43	40064
3211	43134	23.875	0.898676	2010.36	43134
3212	12677	7.27559	0.860649	2024.52	12677
3213	42683	24.6546	0.864398	2002.83	42683
3214	41245	24.6947	0.838886	1990.97	41245
3215	45090	28.0632	0.818196	1963.75	45090
3204	45756	22.6105	0.639552	3164.19	45756
3205	62736	29.1974	0.665883	3226.83	62736
3217	39934	17.3587	0.715514	3215.2	39934
3218	43794	18.0261	0.749198	3242.76	43794
3219	46959	18.4792	0.785512	3235.06	46959
3220	42791	15.4773	0.85114	3248.3	42791
3221	40856	13.8183	0.897124	3295.7	40856
3223	20499	25.8891	0.872733	907.266	20499
3224	26366	32.8403	0.885927	906.231	26366
3225	47403	57.4485	0.904521	912.238	47403
3226	15625	27.4414	0.91292	623.708	15625
3206	62402	41.4392	0.772088	1950.38	62402
3207	86170	55.2148	0.789736	1976.14	86170
3210	40089	21.3849	0.926803	2022.69	40089
3211	43212	23.875	0.898907	2013.48	43212
3212	12708	7.27559	0.861365	2027.78	12708
3213	42795	24.6546	0.864394	2008.09	42795
3214	41374	24.6947	0.839162	1996.54	41374
3215	45308	28.0632	0.818509	1972.49	45308
3204	46226	22.6105	0.639535	3196.77	46226
3205	63219	29.1974	0.666008	3251.06	63219
3217	40248	17.3587	0.715304	3241.43	40248
3218	44041	18.0261	0.748819	3262.71	44041
3219	47143	18.4792	0.785805	3246.53	47143
3220	42921	15.4773	0.851032	3258.57	42921
3221	40903	13.8183	0.897506	3298.09	40903
3223	20532	25.8891	0.872663	908.799	20532
3224	26415	32.8403	0.885903	907.94	26415
3225	47459	57.4485	0.904698	913.137	47459
3226	15643	27.4414	0.912458	624.743	15643
3206	135733	41.4392	0.633824	5167.79	135733
3207	188099	55.2148	0.649518	5244.94	188099
3210	88725	21.3849	0.762158	5443.69	88725
3211	95467	23.875	0.741292	5394.13	95467
3212	27559	7.27559	0.708026	5349.9	27559
3213	93754	24.6546	0.711252	5346.49	93754
3214	90599	24.6947	0.69128	5307.19	90599
3215	99322	28.0632	0.673655	5253.77	99322
3204	115789	22.6105	0.524001	9772.95	115789
3205	160051	29.1974	0.545609	10046.9	160051
3217	102613	17.3587	0.585089	10103.3	102613
3218	112204	18.0261	0.613196	10150.9	112204
3219	122064	18.4792	0.645656	10230.7	122064
3220	112091	15.4773	0.698346	10370.6	112091
3221	107405	13.8183	0.736034	10560.2	107405
3223	50666	25.8891	0.716879	2729.95	50666
3224	65179	32.8403	0.729591	2720.33	65179
3225	116849	57.4485	0.748013	2719.17	116849
3226	33822	27.4414	0.745158	1654.04	33822
3206	62402	41.4392	0.772088	1950.38	62402
3207	86170	55.2148	0.789736	1976.14	86170
3210	40089	21.3849	0.926803	2022.69	40089
3211	43212	23.875	0.898907	2013.48	43212
3212	12708	7.27559	0.861365	2027.78	12708
3213	42795	24.6546	0.864394	2008.09	42795
3214	41374	24.6947	0.839162	1996.54	41374
3215	45308	28.0632	0.818509	1972.49	45308
3206	62402	41.4392	0.772088	1950.38	62402
3207	86170	55.2148	0.789736	1976.14	86170
3210	40089	21.3849	0.926803	2022.69	40089
3211	43212	23.875	0.898907	2013.48	43212
3212	12708	7.27559	0.861365	2027.78	12708
3213	42795	24.6546	0.864394	2008.09	42795
3214	41374	24.6947	0.839162	1996.54	41374
3215	45308	28.0632	0.818509	1972.49	45308
3223	20532	25.8891	0.872663	908.799	20532
3224	26415	32.8403	0.885903	907.94	26415
3225	47459	57.4485	0.904698	913.137	47459
3226	15643	27.4414	0.912458	624.743	15643
3204	46226	22.6105	0.639535	3196.77	46226
3205	63219	29.1974	0.666008	3251.06	63219
3217	40248	17.3587	0.715304	3241.43	40248
3218	44041	18.0261	0.748819	3262.71	44041
3219	47143	18.4792	0.785805	3246.53	47143
3220	42921	15.4773	0.851032	3258.57	42921
3221	40903	13.8183	0.897506	3298.09	40903
3206	62026	41.4392	0.771901	1939.1	62026
3207	85691	55.2148	0.789502	1965.74	85691
3210	40064	21.3849	0.926806	2021.43	40064
3211	43134	23.875	0.898676	2010.36	43134
3212	12677	7.27559	0.860649	2024.52	12677
3213	42683	24.6546	0.864398	2002.83	42683
3214	41245	24.6947	0.838886	1990.97	41245
3215	45090	28.0632	0.818196	1963.75	45090
3206	65332	41.4392	0.805182	1958.03	65332
3207	90163	55.2148	0.823712	1982.43	90163
3210	41858	21.3849	0.963909	2030.65	41858
3211	45118	23.875	0.936426	2018.06	45118
3212	13271	7.27559	0.897807	2031.67	13271
3213	44605	24.6546	0.898714	2013.1	44605
3214	43272	24.6947	0.8748	2003.06	43272
3215	47380	28.0632	0.853333	1978.51	47380
3204	48590	22.6105	0.669528	3209.73	48590
3205	66308	29.1974	0.696393	3261.13	66308
3217	42046	17.3587	0.745121	3250.73	42046
3218	45967	18.0261	0.780672	3266.44	45967
3219	49248	18.4792	0.819352	3252.63	49248
3220	44875	15.4773	0.886436	3270.85	44875
3221	42682	13.8183	0.934283	3306.06	42682
3223	21392	25.8891	0.906577	911.444	21392
3224	27571	32.8403	0.921124	911.438	27571
3225	49519	57.4485	0.940601	916.405	49519
3226	16363	27.4414	0.951474	626.701	16363
3206	64759	41.4392	0.805198	1940.82	64759
3207	89338	55.2148	0.823714	1964.28	89338
3210	41465	21.3849	0.9639	2011.6	41465
3211	44687	23.875	0.936417	1998.8	44687
3212	13150	7.27559	0.897771	2013.22	13150
3213	44213	24.6546	0.898693	1995.45	44213
3214	42897	24.6947	0.874764	1985.78	42897
3215	46948	28.0632	0.853311	1960.53	46948
3204	48112	22.6105	0.66952	3178.19	48112
3205	65768	29.1974	0.69637	3234.68	65768
3217	41655	17.3587	0.745109	3220.56	41655
3218	45519	18.0261	0.780636	3234.75	45519
3219	48807	18.4792	0.819343	3223.54	48807
3220	44510	15.4773	0.88642	3244.31	44510
3221	42267	13.8183	0.934242	3274.06	42267
3223	21125	25.8891	0.90659	900.055	21125
3224	27259	32.8403	0.921107	901.141	27259
3225	48966	57.4485	0.940562	906.208	48966
3226	16251	27.4414	0.951437	622.435	16251
3206	60845	41.4392	0.805198	1823.52	60845
3207	84060	55.2148	0.823714	1848.24	84060
3210	39149	21.3849	0.9639	1899.24	39149
3211	42164	23.875	0.936417	1885.95	42164
3212	12408	7.27559	0.897771	1899.63	12408
3213	41689	24.6546	0.898693	1881.54	41689
3214	40366	24.6947	0.874764	1868.62	40366
3215	44188	28.0632	0.853311	1845.27	44188
3204	45125	22.6105	0.66952	2980.88	45125
3205	61697	29.1974	0.69637	3034.46	61697
3217	39066	17.3587	0.745109	3020.39	39066
3218	42882	18.0261	0.780636	3047.36	42882
3219	45923	18.4792	0.819343	3033.06	45923
3220	41979	15.4773	0.88642	3059.82	41979
3221	39892	13.8183	0.934242	3090.09	39892
3223	19887	25.8891	0.90659	847.309	19887
3224	25633	32.8403	0.921107	847.388	25633
3225	46164	57.4485	0.940562	854.352	46164
3226	15333	27.4414	0.951437	587.274	15333
3206	62402	41.4392	0.772088	1950.38	62402
3207	86170	55.2148	0.789736	1976.14	86170
3210	40089	21.3849	0.926803	2022.69	40089
3211	43212	23.875	0.898907	2013.48	43212
3212	12708	7.27559	0.861365	2027.78	12708
3213	42795	24.6546	0.864394	2008.09	42795
3214	41374	24.6947	0.839162	1996.54	41374
3215	45308	28.0632	0.818509	1972.49	45308
3204	46226	22.6105	0.639535	3196.77	46226
3205	63219	29.1974	0.666008	3251.06	63219
3217	40248	17.3587	0.715304	3241.43	40248
3218	44041	18.0261	0.748819	3262.71	44041
3219	47143	18.4792	0.785805	3246.53	47143
3220	42921	15.4773	0.851032	3258.57	42921
3221	40903	13.8183	0.897506	3298.09	40903
3223	20532	25.8891	0.872663	908.799	20532
3224	26415	32.8403	0.885903	907.94	26415
3225	47459	57.4485	0.904698	913.137	47459
3226	15643	27.4414	0.912458	624.743	15643
3206	62402	41.4392	0.772088	1332.53	62402
3207	86170	55.2148	0.789736	1351.4	86170
3210	40089	21.3849	0.926803	1378.94	40089
3211	43212	23.875	0.898907	1376.61	43212
3212	12708	7.27559	0.861365	1372.12	12708
3213	42795	24.6546	0.864394	1367.12	42795
3214	41374	24.6947	0.839162	1362.74	41374
3215	45308	28.0632	0.818509	1341.75	45308
3204	46226	22.6105	0.639535	2180.95	46226
3205	63219	29.1974	0.666008	2201.57	63219
3217	40248	17.3587	0.715304	2191.96	40248
3218	44041	18.0261	0.748819	2217.02	44041
3219	47143	18.4792	0.785805	2190.54	47143
3220	42921	15.4773	0.851032	2208.07	42921
3221	40903	13.8183	0.897506	2229.07	40903
3223	20532	25.8891	0.872663	612.948	20532
3224	26415	32.8403	0.885903	610.106	26415
3225	47459	57.4485	0.904698	615.255	47459
3226	15643	27.4414	0.912458	421.142	15643
3206	62402	41.4392	0.772088	1332.53	62402
3207	86170	55.2148	0.789736	1351.4	86170
3210	40089	21.3849	0.926803	1378.94	40089
3211	43212	23.875	0.898907	1376.61	43212
3212	12708	7.27559	0.861365	1372.12	12708
3213	42795	24.6546	0.864394	1367.12	42795
3214	41374	24.6947	0.839162	1362.74	41374
3215	45308	28.0632	0.818509	1341.75	45308
3204	46226	22.6105	0.639535	2180.95	46226
3205	63219	29.1974	0.666008	2201.57	63219
3217	40248	17.3587	0.715304	2191.96	40248
3218	44041	18.0261	0.748819	2217.02	44041
3219	47143	18.4792	0.785805	2190.54	47143
3220	42921	15.4773	0.851032	2208.07	42921
3221	40903	13.8183	0.897506	2229.07	40903
3223	20532	25.8891	0.872663	612.948	20532
3224	26415	32.8403	0.885903	610.106	26415
3225	47459	57.4485	0.904698	615.255	47459
3226	15643	27.4414	0.912458	421.142	15643
3206	62402	41.4392	0.772088	1950.38	62402
3207	86170	55.2148	0.789736	1976.14	86170
3210	40089	21.3849	0.926803	2022.69	40089
3211	43212	23.875	0.898907	2013.48	43212
3212	12708	7.27559	0.861365	2027.78	12708
3213	42795	24.6546	0.864394	2008.09	42795
3214	41374	24.6947	0.839162	1996.54	41374
3215	45308	28.0632	0.818509	1972.49	45308
3204	46226	22.6105	0.639535	3196.77	46226
3205	63219	29.1974	0.666008	3251.06	63219
3217	40248	17.3587	0.715304	3241.43	40248
3218	44041	18.0261	0.748819	3262.71	44041
3219	47143	18.4792	0.785805	3246.53	47143
3220	42921	15.4773	0.851032	3258.57	42921
3221	40903	13.8183	0.897506	3298.09	40903
3223	20532	25.8891	0.872663	908.799	20532
3224	26415	32.8403	0.885903	907.94	26415
3225	47459	57.4485	0.904698	913.137	47459
3226	15643	27.4414	0.912458	624.743	15643
3206	62026	41.4392	0.771901	1939.1	62026
3207	85691	55.2148	0.789502	1965.74	85691
3210	40064	21.3849	0.926806	2021.43	40064
3211	43134	23.875	0.898676	2010.36	43134
3212	12677	7.27559	0.860649	2024.52	12677
3213	42683	24.6546	0.864398	2002.83	42683
3214	41245	24.6947	0.838886	1990.97	41245
3215	45090	28.0632	0.818196	1963.75	45090
3204	45756	22.6105	0.639552	3164.19	45756
3205	62736	29.1974	0.665883	3226.83	62736
3217	39934	17.3587	0.715514	3215.2	39934
3218	43794	18.0261	0.749198	3242.76	43794
3219	46959	18.4792	0.785512	3235.06	46959
3220	42791	15.4773	0.85114	3248.3	42791
3221	40856	13.8183	0.897124	3295.7	40856
3223	20499	25.8891	0.872733	907.266	20499
3224	26366	32.8403	0.885927	906.231	26366
3225	47403	57.4485	0.904521	912.238	47403
3226	15625	27.4414	0.91292	623.708	15625
3206	62026	41.4392	-nan	-nan	62026
3207	85691	55.2148	-nan	-nan	85691
3210	40069	21.3849	-nan	-nan	40069
3211	43134	23.875	-nan	-nan	43134
3212	12678	7.27559	-nan	-nan	12678
3213	42683	24.6546	-nan	-nan	42683
3214	41245	24.6947	-nan	-nan	41245
3215	45090	28.0632	-nan	-nan	45090
3204	45756	22.6105	-nan	-nan	45756
3205	62736	29.1974	-nan	-nan	62736
3217	39934	17.3587	-nan	-nan	39934
3218	43794	18.0261	-nan	-nan	43794
3219	46959	18.4792	-nan	-nan	46959
3220	42791	15.4773	-nan	-nan	42791
3221	40856	13.8183	-nan	-nan	40856
3223	20499	25.8891	-nan	-nan	20499
3224	26366	32.8403	-nan	-nan	26366
3225	47410	57.4485	-nan	-nan	47410
3226	15625	27.4414	-nan	-nan	15625
3206	62402	41.4392	0.772088	1950.38	62402
3207	86170	55.2148	0.789736	1976.14	86170
3210	40089	21.3849	0.926803	2022.69	40089
3211	43212	23.875	0.898907	2013.48	43212
3212	12708	7.27559	0.861365	2027.78	12708
3213	42795	24.6546	0.864394	2008.09	42795
3214	41374	24.6947	0.839162	1996.54	41374
3215	45308	28.0632	0.818509	1972.49	45308
3204	46226	22.6105	0.639535	3196.77	46226
3205	63219	29.1974	0.666008	3251.06	63219
3217	40248	17.3587	0.715304	3241.43	40248
3218	44041	18.0261	0.748819	3262.71	44041
3219	47143	18.4792	0.785805	3246.53	47143
3220	42921	15.4773	0.851032	3258.57	42921
3221	40903	13.8183	0.897506	3298.09	40903
3223	20532	25.8891	0.872663	908.799	20532
3224	26415	32.8403	0.885903	907.94	26415
3225	47459	57.4485	0.904698	913.137	47459
3226	15643	27.4414	0.912458	624.743	15643
3206	62026	41.4392	0.771901	1939.1	62026
3207	85691	55.2148	0.789502	1965.74	85691
3210	40064	21.3849	0.926806	2021.43	40064
3211	43134	23.875	0.898676	2010.36	43134
3212	12677	7.27559	0.860649	2024.52	12677
3213	42683	24.6546	0.864398	2002.83	42683
3214	41245	24.6947	0.838886	1990.97	41245
3215	45090	28.0632	0.818196	1963.75	45090
3204	45756	22.6105	0.639552	3164.19	45756
3205	62736	29.1974	0.665883	3226.83	62736
3217	39934	17.3587	0.715514	3215.2	39934
3218	43794	18.0261	0.749198	3242.76	43794
3219	46959	18.4792	0.785512	3235.06	46959
3220	42791	15.4773	0.85114	3248.3	42791
3221	40856	13.8183	0.897124	3295.7	40856
3223	20499	25.8891	0.872733	907.266	20499
3224	26366	32.8403	0.885927	906.231	26366
3225	47403	57.4485	0.904521	912.238	47403
3226	15625	27.4414	0.91292	623.708	15625
3206	61887	41.4392	0.771901	1934.76	61887
3207	85472	55.2148	0.789502	1960.72	85472
3210	39986	21.3849	0.926806	2017.49	39986
3211	43052	23.875	0.898676	2006.54	43052
3212	12643	7.27559	0.860649	2019.09	12643
3213	42586	24.6546	0.864398	1998.28	42586
3214	41150	24.6947	0.838886	1986.38	41150
3215	44980	28.0632	0.818196	1958.96	44980
3223	20483	25.8891	0.872663	906.631	20483
3224	26341	32.8403	0.885903	905.397	26341
3226	15610	27.4414	0.912458	623.425	15610
3206	62271	41.4392	0.772088	1946.29	62271
3207	85955	55.2148	0.789736	1971.21	85955
3210	40012	21.3849	0.926803	2018.81	40012
3211	43130	23.875	0.898907	2009.66	43130
3212	12674	7.27559	0.861365	2022.36	12674
3213	42698	24.6546	0.864394	2003.54	42698
3214	41283	24.6947	0.839162	1992.14	41283
3215	45200	28.0632	0.818509	1967.79	45200
3204	46124	22.6105	0.639535	3189.72	46124
3205	63089	29.1974	0.666008	3244.37	63089
3217	40155	17.3587	0.715304	3233.94	40155
3218	43931	18.0261	0.748819	3254.56	43931
3219	47040	18.4792	0.785805	3239.44	47040
3220	42812	15.4773	0.851032	3250.3	42812
3221	40808	13.8183	0.897506	3290.43	40808
3223	20483	25.8891	0.872663	906.631	20483
3224	26341	32.8403	0.885903	905.397	26341
3225	47352	57.4485	0.904698	911.079	47352
3226	15610	27.4414	0.912458	623.425	15610
3206	58750	41.4392	0.772088	1836.24	58750
3207	81173	55.2148	0.789736	1861.55	81173
3210	37916	21.3849	0.926803	1913.06	37916
3211	40859	23.875	0.898907	1903.84	40859
3212	11996	7.27559	0.861365	1914.17	11996
3213	40381	24.6546	0.864394	1894.82	40381
3214	39038	24.6947	0.839162	1883.81	39038
3215	42699	28.0632	0.818509	1858.91	42699
3204	43484	22.6105	0.639535	3007.15	43484
3205	59430	29.1974	0.666008	3056.21	59430
3217	37823	17.3587	0.715304	3046.13	37823
3218	41537	18.0261	0.748819	3077.2	41537
3219	44416	18.4792	0.785805	3058.73	44416
3220	40545	15.4773	0.851032	3078.19	40545
3221	38663	13.8183	0.897506	3117.47	38663
3223	19346	25.8891	0.872663	856.304	19346
3224	24863	32.8403	0.885903	854.595	24863
3225	44760	57.4485	0.904698	861.207	44760
3226	14769	27.4414	0.912458	589.838	14769
3206	57280	41.4392	0.771851	1790.84	57280
3207	79286	55.2148	0.789434	1818.97	79286
3210	37691	21.3849	0.926795	1901.72	37691
3211	40433	23.875	0.89858	1884.68	40433
3212	11820	7.27559	0.860609	1887.74	11820
3213	39832	24.6546	0.864354	1869.14	39832
3214	38431	24.6947	0.838838	1855.24	38431
3215	41869	28.0632	0.818069	1823.75	41869
3204	42073	22.6105	0.63952	2909.64	42073
3205	57700	29.1974	0.665855	2967.92	57700
3217	36902	17.3587	0.715474	2971.25	36902
3218	40683	18.0261	0.749227	3012.29	40683
3219	43580	18.4792	0.78548	3002.4	43580
3220	40081	15.4773	0.851161	3042.5	40081
3221	38350	13.8183	0.897094	3093.66	38350
3223	19162	25.8891	0.872585	848.235	19162
3224	24623	32.8403	0.885982	846.27	24623
3225	44394	57.4485	0.904505	854.347	44394
3226	14661	27.4414	0.912895	585.244	14661
3206	57382	41.4392	0.771851	1794.03	57382
3207	79461	55.2148	0.789434	1822.98	79461
3210	37767	21.3849	0.926795	1905.55	37767
3211	40534	23.875	0.89858	1889.38	40534
3212	11847	7.27559	0.860609	1892.06	11847
3213	39929	24.6546	0.864354	1873.7	39929
3214	38506	24.6947	0.838838	1858.86	38506
3215	41957	28.0632	0.818069	1827.58	41957
3204	42197	22.6105	0.63952	2918.22	42197
3205	57865	29.1974	0.665855	2976.41	57865
3217	36998	17.3587	0.715474	2978.98	36998
3218	40827	18.0261	0.749227	3022.95	40827
3219	43734	18.4792	0.78548	3013.01	43734
3220	40193	15.4773	0.851161	3051	40193
3221	38459	13.8183	0.897094	3102.45	38459
3223	19229	25.8891	0.872585	851.201	19229
3224	24740	32.8403	0.885982	850.291	24740
3225	44569	57.4485	0.904505	857.715	44569
3226	14740	27.4414	0.912895	588.397	14740
3206	58900	41.4392	0.771902	1841.37	58900
3207	81380	55.2148	0.789729	1866.31	81380
3210	37969	21.3849	0.926952	1915.42	37969
3211	40919	23.875	0.898897	1906.66	40919
3212	12014	7.27559	0.861331	1917.12	12014
3213	40464	24.6546	0.864361	1898.79	40464
3214	39131	24.6947	0.839133	1888.36	39131
3215	42804	28.0632	0.818478	1863.55	42804
3204	43678	22.6105	0.639443	3021	43678
3205	59668	29.1974	0.665915	3068.87	59668
3217	37965	17.3587	0.715075	3058.55	37965
3218	41700	18.0261	0.748942	3088.77	41700
3219	44565	18.4792	0.785715	3069.34	44565
3220	40651	15.4773	0.850904	3086.7	40651
3221	38732	13.8183	0.897524	3122.98	38732
3223	19407	25.8891	0.872696	858.972	19407
3224	24964	32.8403	0.885941	858.03	24964
3225	44897	57.4485	0.904689	863.851	44897
3226	14838	27.4414	0.912647	592.471	14838
3226	14760	27.4414	0.912647	589.356	14760
3226	14760	27.4414	0.912647	589.356	14760
3223	19340	25.8891	0.872696	856.007	19340
3224	24853	32.8403	0.885941	854.215	24853
3225	44723	57.4485	0.904689	860.503	44723
3204	43553	22.6105	0.639443	3012.36	43553
3205	59504	29.1974	0.665915	3060.44	59504
3217	37866	17.3587	0.715075	3050.57	37866
3218	41553	18.0261	0.748942	3077.88	41553
3219	44414	18.4792	0.785715	3058.94	44414
3220	40542	15.4773	0.850904	3078.43	40542
3221	38626	13.8183	0.897524	3114.43	38626
3206	58798	41.4392	0.771902	1838.18	58798
3207	81201	55.2148	0.789729	1862.21	81201
3210	37897	21.3849	0.926952	1911.79	37897
3211	40823	23.875	0.898897	1902.18	40823
3212	11984	7.27559	0.861331	1912.33	11984
3213	40368	24.6546	0.864361	1894.28	40368
3214	39057	24.6947	0.839133	1884.79	39057
3215	42710	28.0632	0.818478	1859.46	42710
