#!Run[i,0]/    set_current[f,1]/   avg_current_bcm4a[f,2]/     sclY4a[f,3]/     sclY_err4a[f,4]/    ntrkY4a[f,5]/    ntrkY_err4a[f,6]/    trkY4a[f,7]/    trkY_err4a[f,8]/    cpuLT_bcm4a[f,9]/     tLT_bcm4a[f,10]/    Qtot_bcm4a[f,11]/    hs1x_rate_bcm4a[f,12]/    htrig1_rate_bcm4a[f,13]/     htrig2_rate_bcm4a[f,14]/     htrig3_rate_bcm4a[f,15]/    hedtm_rate_bcm4a[f,16]/   h_eTrkEff_bcm4a[f,17]/      avg_current_bcm4b[f,18]/     sclY4b[f,19]/     sclY_err4b[f,20]/    ntrkY4b[f,21]/    ntrkY_err4b[f,22]/    trkY4b[f,23]/    trkY_err4b[f,24]/    cpuLT_bcm4b[f,25]/     tLT_bcm4b[f,26]/    Qtot_bcm4b[f,27]/     hs1x_rate_bcm4b[f,28]/      htrig1_rate_bcm4b[f,29]/     htrig2_rate_bcm4b[f,30]/     htrig3_rate_bcm4b[f,31]/    hedtm_rate_bcm4b[f,32]/   h_eTrkEff_bcm4b[f,33]/
2075     80.000000     76.117877      2653.400069     8.168009     2319.439042     7.737871     1760.659069     6.748446     0.959766     0.967945     40.362176     90559.021212    811.790358    312.547369     204.971601     3.000422    0.997994    78.476000    2572.512239     7.905833     2248.865080     7.489604     1706.754034     6.531287     0.959791     0.968065     41.770452    90546.734758    811.557429     312.407000     204.880826    3.000355    0.997963
2076     70.000000     68.444417      2584.722827     6.898745     2258.440195     6.512612     1712.932805     5.677007     0.964097     0.970673     55.230293     80782.891711    700.873057    274.130641     179.910084     3.000236    0.998167    68.675999    2576.006892     6.875481     2250.824531     6.490651     1707.156641     5.657864     0.964097     0.970673     55.417165    80782.891711    700.873057     274.130641     179.910084    3.000236    0.998167
2078     10.000000     10.013902      2614.968870     13.086336     2291.844828     11.643184     1742.385449     10.160934     0.993388     0.993526     17.018558     12093.031126    95.910353    43.134034     29.185170     2.999129    0.998241    9.902329    2644.432410     13.233783     2317.667658     11.774371     1762.017358     10.275420     0.993388     0.993526     16.828942    12093.031126    95.910353     43.134034     29.185170    2.999129    0.998241
2080     10.000000     10.038388      2594.407780     11.547490     2272.361150     10.266215     1720.540829     8.941766     0.993666     0.995528     21.697823     12148.040004    95.680524    43.101390     29.043924     3.000252    0.998072    9.929465    2622.867414     11.674161     2297.288033     10.378831     1739.414496     9.039854     0.993666     0.995528     21.462389    12148.040004    95.680524     43.101390     29.043924    3.000252    0.998072
2081     20.000000     19.939404      2625.233214     10.736330     2297.446157     9.823170     1745.928864     8.571667     0.988742     0.989511     24.080146     23978.225177    190.283528    83.022108     55.345588     3.000001    0.998054    19.908915    2629.253621     10.752772     2300.964608     9.838214     1748.602644     8.584794     0.988742     0.989511     24.043325    23978.225177    190.283528     83.022108     55.345588    3.000001    0.998054
2082     35.000000     34.723150      2603.186572     18.883039     2269.383529     17.514931     1729.705719     15.303535     0.980716     0.984663     7.543063     41645.230529    336.341746    141.455492     93.392203     3.001366    0.998384    34.812827    2596.480791     18.834396     2263.537652     17.469812     1725.250016     15.264114     0.980716     0.984663     7.562544    41645.230529    336.341746     141.455492     93.392203    3.001366    0.998384
2083     35.000000     34.803798      2606.960283     10.416145     2280.399089     9.679057     1733.514416     8.446125     0.980621     0.983170     24.822396     41906.328519    337.269816    141.623205     93.731239     2.999119    0.998315    34.895723    2600.092827     10.388706     2274.391911     9.653560     1728.947847     8.423875     0.980621     0.983170     24.887958    41906.328519    337.269816     141.623205     93.731239    2.999119    0.998315
2084     45.000000     44.712819      2610.786543     10.375894     2284.850253     9.704509     1721.115432     8.431979     0.975371     0.976633     24.873730     53547.242805    441.208176    181.305131     119.735807     3.000181    0.997793    44.842261    2603.250242     10.345943     2278.254733     9.676495     1716.147254     8.407639     0.975371     0.976633     24.945739    53547.242805    441.208176     181.305131     119.735807    3.000181    0.997793
2085     55.000000     54.592200      2608.038679     9.777431     2282.015070     9.183922     1729.816923     8.003867     0.971271     0.963423     27.856182     65016.029945    549.759617    221.363888     145.379004     3.000435    0.998018    54.769565    2599.592848     9.745768     2274.625024     9.154180     1724.215105     7.977947     0.971271     0.963423     27.946684    65016.029945    549.759617     221.363888     145.379004    3.000435    0.998018
